agent,min-move-time,max-move-time,avg-move-time,max-move-score,avg-move-score,avg-word-length,num-moves,game-time,score,win
ROBOT 1,0.003,15.257,4.64675,35,21,4,16,137.503,338,false
ROBOT 2,0.001,10.09,3.947125,75,22,4,16,137.503,363,true
ROBOT 1,0.001,11.305,3.2494,54,22,4,15,110.854,332,false
ROBOT 2,0.001,15.16,4.7778463,72,26,5,13,110.854,342,true
ROBOT 1,0.001,15.318,3.0974002,33,17,4,20,104.8,345,false
ROBOT 2,0.001,5.604,2.2553682,65,20,4,19,104.8,386,true
ROBOT 1,0.004,15.01,2.724625,41,23,4,17,116.115,403,true
ROBOT 2,0.012,15.24,4.8347335,35,24,5,15,116.115,369,false
ROBOT 1,0.001,15.261,4.3322353,50,23,4,17,173.472,402,false
ROBOT 2,0.001,15.299,5.8719997,83,27,5,17,173.472,462,true
ROBOT 1,0.012,15.597,8.599875,74,28,5,16,219.906,452,false
ROBOT 2,0.001,10.746,4.841471,78,27,4,17,219.906,467,true
ROBOT 1,0.001,15.059,4.010222,74,22,4,18,105.851,404,true
ROBOT 2,0.003,5.94,2.2444665,37,21,5,15,105.851,323,false
ROBOT 1,0.014,6.028,2.3516667,42,25,5,15,127.25,384,true
ROBOT 2,0.001,15.169,6.569642,42,20,5,14,127.25,292,false
ROBOT 1,0.001,15.237,3.2089374,57,22,5,16,138.188,364,false
ROBOT 2,0.001,15.112,5.427812,95,32,5,16,138.188,525,true
ROBOT 1,0.005,15.227,4.42725,42,24,5,16,137.8,384,true
ROBOT 2,0.002,15.03,4.4642663,50,23,5,15,137.8,350,false
