agent,min-move-time,max-move-time,avg-move-time,max-move-score,avg-move-score,avg-word-length,num-moves,game-time,score,win
ROBOT 2,0.001,15.025,4.8,71,23,5,17,167.5,403,true
ROBOT 2,0.003,15.021,5.8,36,24,5,14,124.3,339,true
ROBOT 2,0.003,15.086,4.6,67,22,5,18,164.5,403,true
ROBOT 2,0.004,15.143,5.6,80,25,5,14,137.3,352,false
ROBOT 2,0.015,15.383,5.4,70,25,5,15,149.1,385,true
ROBOT 2,0.002,15.137,3.3,36,17,4,19,131.8,336,false
ROBOT 2,0.013,15.228,4.9,51,27,5,16,141.1,433,true
ROBOT 2,0.001,7.179,2.7,86,29,5,14,106.8,412,false
ROBOT 2,0.001,9.313,3.6,65,26,5,16,119.2,427,true
ROBOT 2,0.312,15.012,5.7,40,26,5,14,179.5,364,true
ROBOT 2,0.001,15.214,5.9,68,25,4,15,170.9,387,false
ROBOT 2,1.37,15.025,4.5,42,20,5,15,126.1,310,false
ROBOT 2,0.001,15.249,3.4,45,18,4,18,125.4,336,false
ROBOT 2,0.003,12.106,3.1,34,22,5,16,126.6,356,false
ROBOT 2,0.003,15.107,7.4,51,27,4,14,174.7,386,false
ROBOT 2,0.003,15.288,4.3,63,26,5,15,188.0,403,true
ROBOT 2,0.003,15.039,6.6,80,32,5,13,171.6,421,true
ROBOT 2,0.003,15.179,5.9,61,26,5,13,170.4,349,false
ROBOT 2,0.003,7.931,2.7,30,21,5,15,136.3,322,false
ROBOT 2,0.001,15.027,3.2,45,22,5,16,115.6,358,false
ROBOT 2,0.002,5.452,2.6,45,23,5,13,107.1,308,false
ROBOT 2,0.001,15.153,3.7,31,18,5,15,113.6,280,false
ROBOT 2,0.001,7.9,2.8,56,20,4,18,176.1,361,false
ROBOT 2,0.003,8.821,3.9,44,19,4,19,138.9,375,true
ROBOT 2,0.001,15.034,4.8,74,26,5,16,134.6,428,true
ROBOT 2,0.001,15.268,6.2,40,22,5,16,157.5,359,false
ROBOT 2,0.001,15.253,2.4,30,17,4,18,150.3,323,false
ROBOT 2,0.001,15.02,4.4,48,21,4,16,130.8,342,false
ROBOT 2,0.001,15.306,4.6,43,27,4,14,128.5,383,false
ROBOT 2,0.003,15.31,3.8,62,27,4,16,130.7,432,true
ROBOT 2,0.001,15.382,6.0,64,24,4,15,158.9,373,true
ROBOT 2,0.001,9.375,2.2,45,21,4,17,110.1,363,true
ROBOT 2,0.003,15.376,2.5,44,19,4,17,118.3,335,false
ROBOT 2,0.003,15.259,4.5,74,31,5,13,134.5,408,false
ROBOT 2,0.051,15.013,4.5,32,18,4,16,172.8,296,false
ROBOT 2,0.001,15.106,4.7,43,24,4,16,121.7,388,true
ROBOT 2,0.059,15.245,5.8,39,21,5,14,158.4,300,false
ROBOT 2,0.534,15.404,7.1,83,25,5,15,149.9,387,false
ROBOT 2,0.033,10.336,3.8,69,26,5,13,118.3,349,false
ROBOT 2,0.001,9.553,5.0,39,25,5,13,124.7,325,false
ROBOT 2,0.001,15.01,3.5,39,21,4,15,119.2,315,false
ROBOT 2,0.003,15.235,5.6,56,20,4,16,147.0,323,false
ROBOT 2,0.003,15.134,3.0,67,25,5,13,111.0,329,false
ROBOT 2,0.001,10.998,4.5,83,36,5,15,163.2,553,true
ROBOT 2,0.001,15.383,4.8,61,26,4,16,124.0,416,true
ROBOT 2,0.358,15.298,4.9,80,29,5,14,132.6,408,false
ROBOT 2,0.001,15.164,6.4,34,22,4,14,137.7,316,false
ROBOT 2,0.002,15.231,3.5,38,21,4,15,134.1,315,false
ROBOT 2,0.003,9.65,3.9,45,22,4,15,134.1,330,false
ROBOT 2,0.002,15.19,3.7,80,21,4,17,124.1,372,true
ROBOT 2,0.054,15.032,4.4,133,35,5,13,135.0,463,false
ROBOT 2,0.007,15.111,4.2,66,32,5,14,109.7,461,true
ROBOT 2,0.001,15.111,4.0,70,30,5,15,98.4,454,true
ROBOT 2,0.001,15.137,5.2,61,26,5,15,129.5,391,false
ROBOT 2,0.011,15.074,5.6,107,28,4,17,136.9,492,true
ROBOT 2,0.003,15.022,3.6,65,26,5,14,139.0,364,true
ROBOT 2,0.004,15.1,5.4,68,26,5,15,142.8,392,true
ROBOT 2,0.001,15.015,4.2,71,23,5,15,131.2,356,false
ROBOT 2,0.053,11.091,3.8,33,22,5,13,134.2,288,false
ROBOT 2,1.705,11.431,4.5,80,30,5,13,147.2,400,false
ROBOT 2,0.001,5.48,2.7,38,23,5,15,146.8,345,false
ROBOT 2,0.014,15.254,6.1,86,25,5,16,149.9,404,true
ROBOT 2,0.001,15.348,5.5,39,25,5,15,126.8,382,false
ROBOT 2,0.001,8.253,2.7,31,20,4,15,128.5,312,false
ROBOT 2,0.057,15.041,4.4,36,25,5,13,99.4,328,false
ROBOT 2,0.002,15.298,4.3,72,24,5,14,117.2,348,false
ROBOT 2,0.001,15.019,4.1,76,28,4,17,140.2,490,true
ROBOT 2,0.001,6.947,2.9,74,25,5,16,139.1,414,true
ROBOT 2,0.001,15.197,5.4,66,25,5,16,127.4,407,true
ROBOT 2,0.012,15.235,8.5,64,27,4,14,204.3,381,true
ROBOT 2,0.003,15.33,6.6,72,24,5,16,181.3,396,true
ROBOT 2,0.257,15.209,5.2,39,21,5,15,132.1,327,false
ROBOT 2,0.001,15.024,3.5,32,15,4,18,149.6,283,false
ROBOT 2,0.003,15.105,2.9,30,17,4,15,113.6,260,false
ROBOT 2,0.001,15.37,4.2,44,20,4,18,118.5,374,true
ROBOT 2,0.003,9.607,3.4,80,29,5,14,129.3,412,false
ROBOT 2,0.001,15.094,5.2,83,29,5,15,160.8,436,true
ROBOT 2,0.012,15.038,4.1,33,20,5,17,119.0,346,false
ROBOT 2,0.057,15.038,2.9,40,20,5,14,104.1,282,false
ROBOT 2,0.004,15.032,1.9,39,17,4,16,91.5,274,false
ROBOT 2,0.003,15.267,4.8,42,22,4,17,161.9,378,true
ROBOT 2,0.002,15.211,3.8,89,25,4,17,134.2,436,false
ROBOT 2,0.004,15.029,4.6,67,24,4,15,122.8,370,false
ROBOT 2,0.003,15.168,5.5,65,26,5,13,135.4,350,false
ROBOT 2,0.004,15.041,3.5,74,30,5,15,103.0,456,true
ROBOT 2,0.001,11.848,3.3,98,28,5,14,132.9,404,true
ROBOT 2,0.02,15.202,4.6,48,22,5,15,153.7,344,false
ROBOT 2,0.003,8.75,3.8,68,25,5,14,117.5,355,false
ROBOT 2,0.001,4.79,2.7,33,20,4,17,132.3,348,false
ROBOT 2,0.001,15.034,2.7,66,23,4,15,122.5,356,false
ROBOT 2,0.001,15.054,5.1,42,24,5,15,158.5,373,true
ROBOT 2,0.001,15.45,8.1,41,23,4,18,189.7,424,true
ROBOT 2,0.003,15.063,4.7,36,20,4,17,131.3,349,false
ROBOT 2,0.001,8.679,3.3,45,19,4,18,111.2,353,false
ROBOT 2,0.002,15.208,5.8,42,22,4,17,135.3,386,true
ROBOT 2,0.003,15.126,2.6,33,20,4,16,126.6,335,false
ROBOT 2,0.002,15.104,6.2,51,20,4,16,135.4,325,false
ROBOT 2,0.003,15.242,5.7,42,25,4,14,147.1,361,false
ROBOT 2,0.004,15.114,3.7,67,28,5,15,116.2,429,true
ROBOT 2,0.003,15.135,4.2,64,28,5,14,142.9,398,true
