agent,min-move-time,max-move-time,avg-move-time,max-move-score,avg-move-score,avg-word-length,num-moves,game-time,score,win
MultiPlayer1,0.001,11.412,4.8,72,27,4,16,171.0,437,1
MultiPlayer1,0.002,15.396,4.9,101,25,5,14,135.2,362,1
MultiPlayer1,0.001,15.33,4.8,33,21,4,16,159.0,339,0
MultiPlayer1,0.004,7.407,3.1,42,23,4,15,129.4,353,0
MultiPlayer1,0.001,15.368,5.4,51,23,4,16,179.3,381,1
MultiPlayer1,0.001,15.053,5.4,45,25,4,15,144.8,378,0
MultiPlayer1,0.002,15.116,5.7,44,23,4,18,197.8,415,1
MultiPlayer1,0.001,10.742,3.3,36,20,4,19,140.5,388,0
MultiPlayer1,0.002,15.071,4.8,45,20,4,19,148.1,392,1
MultiPlayer1,0.001,15.133,6.0,86,30,4,16,135.8,486,1
MultiPlayer1,0.007,16.084,7.1,78,32,5,16,204.9,517,1
MultiPlayer1,1.002,15.053,5.9,69,34,5,12,162.8,414,0
MultiPlayer1,0.001,14.044,4.2,76,26,4,15,163.3,403,0
MultiPlayer1,0.084,15.32,7.9,62,23,5,14,187.2,326,0
MultiPlayer1,0.002,8.628,5.0,76,32,5,15,146.8,492,1
MultiPlayer1,0.004,15.338,6.1,83,27,4,16,199.9,446,1
MultiPlayer1,0.001,15.233,4.8,41,21,4,17,161.2,366,1
MultiPlayer1,0.001,15.045,4.8,40,24,4,17,159.4,408,1
MultiPlayer1,0.004,15.09,6.7,45,22,5,16,217.8,359,1
MultiPlayer1,0.001,15.021,4.9,46,19,4,18,158.4,352,1
MultiPlayer1,0.004,15.529,5.3,66,29,5,14,127.7,409,0
MultiPlayer1,0.001,7.933,3.3,40,19,4,19,188.1,369,0
MultiPlayer1,0.001,15.08,4.5,61,19,5,19,139.6,372,1
MultiPlayer1,0.001,15.192,7.1,39,20,4,18,208.6,363,1
MultiPlayer1,0.003,10.535,5.1,33,18,4,17,205.1,318,0
MultiPlayer1,0.004,15.008,5.0,40,21,4,18,166.1,390,0
MultiPlayer1,0.007,15.372,5.8,74,25,4,16,188.5,401,1
MultiPlayer1,0.286,10.276,4.0,72,26,5,16,160.8,429,1
MultiPlayer1,0.004,15.055,9.1,39,24,5,15,217.9,372,1
MultiPlayer1,0.001,15.506,6.0,40,25,5,15,150.3,383,1
MultiPlayer1,0.003,13.238,3.5,74,29,4,15,170.4,445,1
MultiPlayer1,0.001,15.197,6.4,41,23,5,14,137.3,331,0
MultiPlayer1,0.001,15.365,6.5,83,29,5,15,144.4,436,1
MultiPlayer1,0.315,15.113,7.5,89,27,4,14,218.0,390,0
MultiPlayer1,0.003,15.029,4.3,72,20,4,20,174.5,410,1
MultiPlayer1,0.004,13.149,4.0,72,27,5,15,117.0,413,1
MultiPlayer1,0.001,15.19,4.6,83,21,4,18,172.4,390,1
MultiPlayer1,0.002,15.162,4.5,63,24,4,16,151.2,393,1
MultiPlayer1,0.001,15.308,4.9,39,21,4,18,147.5,382,0
MultiPlayer1,0.001,15.059,4.4,95,28,5,15,121.6,420,0
MultiPlayer1,0.003,15.309,7.0,84,34,4,15,171.5,513,0
MultiPlayer1,0.001,15.04,4.2,36,22,5,18,117.8,405,1
MultiPlayer1,0.001,12.193,3.8,61,25,5,15,137.4,382,1
MultiPlayer1,0.006,15.01,6.4,46,24,4,17,159.2,418,1
MultiPlayer1,0.001,15.125,5.0,40,20,4,19,148.7,390,1
MultiPlayer1,0.001,15.283,5.4,48,24,4,19,138.7,474,1
MultiPlayer1,0.003,15.129,5.5,70,25,4,16,155.9,412,1
MultiPlayer1,0.001,15.284,5.6,36,18,4,17,168.1,313,0
MultiPlayer1,0.01,10.396,4.1,36,19,4,20,176.9,386,1
MultiPlayer1,0.002,15.37,5.1,72,28,5,17,138.6,485,1
MultiPlayer1,0.007,15.02,6.4,41,22,4,16,174.4,364,1
MultiPlayer1,0.003,15.028,5.7,48,18,4,20,204.5,378,1
MultiPlayer1,0.001,15.119,5.3,68,32,5,15,191.0,486,1
MultiPlayer1,0.013,15.169,5.6,92,26,4,17,149.3,446,1
MultiPlayer1,0.001,15.221,5.6,39,20,5,18,186.8,368,0
MultiPlayer1,0.001,15.077,4.2,73,23,4,18,168.5,421,1
MultiPlayer1,0.001,15.301,7.5,39,22,5,17,177.8,378,1
MultiPlayer1,0.001,15.431,5.3,70,23,4,17,151.1,398,1
MultiPlayer1,0.001,15.112,6.3,72,23,4,18,194.8,415,1
MultiPlayer1,0.001,15.126,6.1,79,24,5,17,202.2,413,1
MultiPlayer1,0.001,15.071,5.7,56,23,4,16,144.1,373,0
MultiPlayer1,0.001,5.651,2.7,48,23,4,16,121.7,380,1
MultiPlayer1,0.004,15.652,5.2,78,24,5,18,159.7,432,1
MultiPlayer1,0.001,10.398,3.6,36,22,4,18,157.5,409,1
MultiPlayer1,0.012,5.417,3.4,33,20,5,16,132.7,335,0
MultiPlayer1,0.001,15.12,5.8,51,26,5,14,150.9,376,0
MultiPlayer1,0.001,15.13,3.0,37,20,4,18,125.6,369,1
MultiPlayer1,0.002,15.445,5.2,61,22,5,15,139.8,337,0
MultiPlayer1,0.001,15.188,7.6,66,23,5,17,189.3,407,0
MultiPlayer1,0.001,11.149,5.2,77,30,4,16,173.3,481,1
MultiPlayer1,0.001,15.116,6.2,54,22,5,16,182.2,362,1
MultiPlayer1,0.007,5.608,2.1,42,21,4,17,153.5,359,0
MultiPlayer1,0.001,11.601,3.0,37,19,4,18,127.2,348,0
MultiPlayer1,0.001,15.045,4.1,34,21,4,16,173.2,344,0
MultiPlayer1,0.014,15.026,4.8,34,21,4,15,122.0,315,0
MultiPlayer1,0.001,9.536,4.5,45,22,4,18,174.7,400,1
MultiPlayer1,0.001,15.07,6.2,92,32,5,14,166.8,460,1
MultiPlayer1,0.001,15.174,3.8,78,26,4,17,136.8,456,1
MultiPlayer1,0.001,8.181,3.8,42,23,5,15,142.1,347,1
MultiPlayer1,0.005,12.853,6.1,72,28,4,16,190.6,460,1
MultiPlayer1,0.015,8.387,3.5,54,25,5,14,159.7,356,0
MultiPlayer1,0.001,15.368,4.2,65,22,5,16,123.9,363,1
MultiPlayer1,0.001,15.241,5.2,45,22,4,16,142.9,366,0
MultiPlayer1,0.004,15.214,6.7,82,28,5,14,171.3,393,1
MultiPlayer1,0.001,15.068,3.9,70,24,4,15,119.8,364,0
MultiPlayer1,0.004,15.472,6.7,86,26,5,14,164.7,366,0
MultiPlayer1,0.002,13.89,4.1,48,22,5,17,170.2,381,1
MultiPlayer1,0.001,15.367,3.3,33,19,4,16,143.8,317,0
MultiPlayer1,0.001,15.043,4.9,44,20,4,18,184.9,374,0
MultiPlayer1,0.001,15.026,5.3,104,29,5,14,139.5,414,1
MultiPlayer1,0.001,11.856,4.1,43,22,4,18,139.3,408,1
MultiPlayer1,0.001,15.385,5.0,39,21,4,18,201.6,379,1
MultiPlayer1,0.001,15.076,3.3,36,18,5,18,151.9,332,0
MultiPlayer1,0.001,15.015,4.6,48,26,5,17,171.2,454,1
MultiPlayer1,0.001,15.344,2.1,70,21,4,18,107.4,389,1
MultiPlayer1,0.001,15.032,3.7,33,21,4,18,183.0,380,1
MultiPlayer1,0.002,15.536,6.4,61,21,5,17,186.0,363,1
MultiPlayer1,0.001,15.557,5.6,64,27,5,15,152.6,416,1
MultiPlayer1,0.004,15.004,5.6,36,23,4,17,175.8,392,1
MultiPlayer1,0.001,15.081,1.9,26,15,4,17,108.8,270,0
