agent,min-move-time,max-move-time,avg-move-time,max-move-score,avg-move-score,avg-word-length,num-moves,game-time,score,win
MaxScorePlayer,0.715,15.295,6.8,47,25,4,15,171.0,378,0
MaxScorePlayer,0.004,15.016,4.8,42,23,5,14,135.2,333,0
MaxScorePlayer,0.005,15.049,6.3,50,29,5,13,159.0,389,1
MaxScorePlayer,0.067,15.536,6.4,70,27,5,13,129.4,358,1
MaxScorePlayer,0.001,16.135,6.6,59,23,5,14,179.3,329,0
MaxScorePlayer,0.012,15.535,4.0,83,25,4,16,144.8,411,1
MaxScorePlayer,1.722,15.4,6.3,44,27,5,15,197.8,406,0
MaxScorePlayer,0.001,15.186,4.3,60,21,5,18,140.5,389,1
MaxScorePlayer,0.002,12.601,2.9,48,19,4,20,148.1,387,0
MaxScorePlayer,0.002,8.54,3.1,66,29,5,13,135.8,388,0
MaxScorePlayer,0.001,15.416,5.7,65,25,5,16,204.9,414,0
MaxScorePlayer,0.002,15.274,6.6,90,34,5,14,162.8,477,1
MaxScorePlayer,0.003,15.281,7.7,76,36,5,13,163.3,473,1
MaxScorePlayer,0.001,15.427,4.8,58,25,4,16,187.2,410,1
MaxScorePlayer,0.001,15.131,4.2,74,22,4,17,146.8,390,0
MaxScorePlayer,0.001,15.153,7.4,68,28,5,14,199.9,398,0
MaxScorePlayer,0.034,15.155,5.3,68,23,5,15,161.2,346,0
MaxScorePlayer,0.001,15.209,4.6,45,20,4,17,159.4,347,0
MaxScorePlayer,0.001,15.37,7.4,45,23,4,15,217.8,356,0
MaxScorePlayer,0.001,15.091,3.9,26,17,4,18,158.4,309,0
MaxScorePlayer,0.004,8.477,3.8,77,30,5,14,127.7,423,1
MaxScorePlayer,0.001,15.187,7.4,42,23,4,17,188.1,399,1
MaxScorePlayer,0.001,12.823,3.3,31,20,4,16,139.6,328,0
MaxScorePlayer,0.001,9.969,4.5,72,19,4,18,208.6,357,0
MaxScorePlayer,0.001,15.336,7.0,53,21,4,17,205.1,371,1
MaxScorePlayer,0.008,15.076,4.5,44,23,4,17,166.1,395,1
MaxScorePlayer,0.001,15.366,6.4,45,26,4,15,188.5,390,0
MaxScorePlayer,0.004,15.41,5.7,52,18,4,17,160.8,314,0
MaxScorePlayer,0.001,10.933,5.4,36,21,5,15,217.9,315,0
MaxScorePlayer,0.007,15.055,4.3,39,23,5,14,150.3,328,0
MaxScorePlayer,0.001,15.768,9.1,61,28,5,13,170.4,368,0
MaxScorePlayer,0.001,14.099,3.0,72,27,4,16,137.3,443,1
MaxScorePlayer,0.003,5.993,2.9,36,23,5,16,144.4,370,0
MaxScorePlayer,0.001,15.194,6.6,86,24,4,17,218.0,418,1
MaxScorePlayer,0.001,15.195,4.9,40,20,4,18,174.5,371,0
MaxScorePlayer,0.001,15.139,3.8,67,25,5,15,117.0,377,0
MaxScorePlayer,0.001,14.518,5.3,72,22,4,17,172.4,381,0
MaxScorePlayer,0.003,15.399,5.0,36,23,4,16,151.2,373,0
MaxScorePlayer,0.001,9.403,4.2,66,27,5,14,147.5,383,1
MaxScorePlayer,0.002,15.21,3.9,78,31,5,14,121.6,443,1
MaxScorePlayer,0.003,16.154,5.2,92,41,5,13,171.5,535,1
MaxScorePlayer,0.001,15.106,2.6,47,20,4,16,117.8,325,0
MaxScorePlayer,0.001,15.327,5.3,43,24,5,15,137.4,373,0
MaxScorePlayer,0.003,15.007,3.0,51,20,4,18,159.2,367,0
MaxScorePlayer,0.003,15.028,2.8,30,14,4,19,148.7,268,0
MaxScorePlayer,0.003,15.006,2.1,41,15,4,18,138.7,270,0
MaxScorePlayer,0.03,15.28,4.2,76,22,5,16,155.9,353,0
MaxScorePlayer,0.001,14.304,4.9,86,27,5,15,168.1,405,1
MaxScorePlayer,0.001,15.258,5.2,42,19,4,19,176.9,364,0
MaxScorePlayer,0.001,15.015,4.0,61,27,5,13,138.6,357,0
MaxScorePlayer,0.002,15.47,4.5,47,21,5,16,174.4,337,0
MaxScorePlayer,0.001,15.111,5.3,48,20,4,17,204.5,348,0
MaxScorePlayer,0.001,15.324,8.5,59,33,5,13,191.0,436,0
MaxScorePlayer,0.003,10.265,3.5,70,20,4,18,149.3,372,0
MaxScorePlayer,0.001,12.423,5.4,45,25,5,16,186.8,406,1
MaxScorePlayer,0.002,15.037,5.8,32,18,4,16,168.5,302,0
MaxScorePlayer,0.012,9.788,3.4,37,20,5,15,177.8,312,0
MaxScorePlayer,0.001,11.886,3.4,39,18,4,18,151.1,339,0
MaxScorePlayer,0.007,12.912,5.4,63,26,4,15,194.8,397,0
MaxScorePlayer,0.003,12.101,6.5,61,27,4,15,202.2,411,0
MaxScorePlayer,0.001,11.79,3.5,62,27,5,15,144.1,405,1
MaxScorePlayer,0.001,15.082,4.7,45,22,5,17,121.7,375,0
MaxScorePlayer,0.001,15.14,4.0,90,21,4,18,159.7,388,0
MaxScorePlayer,0.015,15.186,5.8,32,20,5,16,157.5,331,0
MaxScorePlayer,0.005,15.241,4.3,33,19,5,18,132.7,343,1
MaxScorePlayer,0.001,12.432,5.8,83,36,5,12,150.9,442,1
MaxScorePlayer,0.003,15.135,4.5,78,22,5,16,125.6,367,0
MaxScorePlayer,0.002,15.176,3.8,107,27,5,16,139.8,446,1
MaxScorePlayer,0.615,9.007,4.2,80,31,5,14,189.3,446,1
MaxScorePlayer,0.001,15.207,5.7,42,23,4,16,173.3,373,0
MaxScorePlayer,0.001,15.259,5.1,39,20,5,16,182.2,333,0
MaxScorePlayer,0.007,15.351,7.8,49,25,5,15,153.5,387,1
MaxScorePlayer,0.008,15.25,4.5,55,23,4,17,127.2,398,1
MaxScorePlayer,0.001,15.34,7.2,62,29,5,15,173.2,439,1
MaxScorePlayer,0.001,15.23,3.4,72,31,5,15,122.0,475,1
MaxScorePlayer,0.745,15.295,6.2,76,26,5,15,174.7,394,0
MaxScorePlayer,0.001,17.194,5.7,78,32,5,14,166.8,457,0
MaxScorePlayer,0.001,15.046,4.0,70,24,4,18,136.8,436,0
MaxScorePlayer,0.061,15.069,6.0,51,22,5,14,142.1,317,0
MaxScorePlayer,0.001,15.423,5.1,39,18,4,18,190.6,337,0
MaxScorePlayer,0.001,15.423,7.9,78,25,5,14,159.7,362,1
MaxScorePlayer,0.014,12.575,4.7,40,26,5,12,123.9,323,0
MaxScorePlayer,0.014,9.84,4.3,72,29,5,14,142.9,412,1
MaxScorePlayer,0.014,12.958,6.0,71,29,4,13,171.3,383,0
MaxScorePlayer,0.001,15.07,4.4,68,29,5,14,119.8,414,1
MaxScorePlayer,0.002,13.607,4.4,77,27,4,16,164.7,439,1
MaxScorePlayer,0.002,15.929,6.3,39,18,4,16,170.2,298,0
MaxScorePlayer,0.001,15.055,5.3,32,20,5,17,143.8,350,1
MaxScorePlayer,0.001,15.03,5.6,48,22,5,17,184.9,386,1
MaxScorePlayer,0.001,15.06,4.7,46,22,5,14,139.5,310,0
MaxScorePlayer,0.001,15.372,4.1,64,24,5,16,139.3,392,0
MaxScorePlayer,0.001,15.145,6.2,66,20,4,18,201.6,372,0
MaxScorePlayer,0.002,15.126,5.4,42,25,4,17,151.9,432,1
MaxScorePlayer,0.001,15.301,5.8,68,23,4,16,171.2,383,0
MaxScorePlayer,0.001,15.335,4.4,32,21,5,16,107.4,343,0
MaxScorePlayer,0.013,15.291,7.8,40,21,5,15,183.0,323,0
MaxScorePlayer,0.002,15.028,4.5,70,21,4,17,186.0,359,0
MaxScorePlayer,0.003,15.05,4.6,51,24,4,15,152.6,370,0
MaxScorePlayer,0.001,15.221,5.0,62,22,4,16,175.8,355,0
MaxScorePlayer,0.001,15.02,4.2,48,20,4,18,108.8,375,1
