agent,min-move-time,max-move-time,avg-move-time,max-move-score,avg-move-score,avg-word-length,num-moves,game-time,score,win
MaxScorePlayer,0.001,15.106,3.4,65,21,4,18,131.1,381,1
MaxScorePlayer,0.001,15.027,3.8,45,21,4,17,146.3,362,1
MaxScorePlayer,0.015,13.527,6.1,36,22,5,15,181.2,331,0
MaxScorePlayer,1.798,15.062,6.4,80,31,6,14,177.1,439,1
MaxScorePlayer,0.004,15.051,3.6,26,16,4,18,158.1,305,0
MaxScorePlayer,0.001,5.731,2.7,27,17,4,17,121.0,303,0
MaxScorePlayer,0.001,15.093,4.9,51,24,4,17,142.3,408,1
MaxScorePlayer,0.001,15.073,7.0,62,23,5,17,205.4,392,1
MaxScorePlayer,0.001,15.409,7.7,76,26,5,18,180.5,468,1
MaxScorePlayer,0.001,15.147,4.5,42,19,4,18,127.4,357,1
MaxScorePlayer,0.003,15.026,4.2,60,26,5,15,138.5,396,0
MaxScorePlayer,0.006,15.049,4.8,39,24,5,13,148.9,324,0
MaxScorePlayer,0.006,15.592,8.5,74,29,5,13,171.6,383,0
MaxScorePlayer,0.001,15.344,8.1,40,19,4,18,209.5,349,0
MaxScorePlayer,0.001,15.035,5.9,89,25,5,15,183.5,389,1
MaxScorePlayer,0.003,15.803,6.6,61,28,4,15,148.5,422,1
MaxScorePlayer,0.004,15.094,5.6,86,30,5,14,169.6,428,1
MaxScorePlayer,0.001,15.335,4.8,35,17,4,20,195.1,349,0
MaxScorePlayer,0.001,10.297,4.0,45,25,5,16,158.4,401,1
MaxScorePlayer,0.002,15.081,3.0,39,19,4,19,107.9,371,1
MaxScorePlayer,0.003,16.221,7.2,48,19,4,19,198.3,363,1
MaxScorePlayer,0.001,15.032,3.8,37,21,4,16,177.6,338,0
MaxScorePlayer,0.001,15.487,6.0,72,26,6,14,155.2,368,0
MaxScorePlayer,0.05,15.133,5.4,38,18,5,17,156.3,309,0
MaxScorePlayer,0.001,15.381,3.8,48,23,5,16,131.9,378,1
MaxScorePlayer,0.001,13.05,4.7,45,25,5,15,146.0,383,0
MaxScorePlayer,0.001,15.009,3.9,78,22,4,17,138.6,383,1
MaxScorePlayer,0.001,15.213,5.9,77,28,5,17,171.3,491,1
MaxScorePlayer,0.001,8.988,2.4,27,15,4,20,166.7,303,0
MaxScorePlayer,0.013,15.041,4.9,44,24,5,15,142.8,360,0
MaxScorePlayer,0.001,13.502,3.3,64,28,4,17,144.2,481,1
MaxScorePlayer,0.001,15.016,3.6,42,17,5,19,162.8,333,0
MaxScorePlayer,0.001,15.035,3.6,46,19,4,21,176.1,402,1
MaxScorePlayer,0.001,15.264,4.7,98,25,4,16,163.6,411,1
MaxScorePlayer,0.001,14.046,5.1,76,33,5,15,142.4,501,1
MaxScorePlayer,0.06,15.129,5.2,68,28,5,13,166.6,370,0
MaxScorePlayer,0.149,15.18,5.7,28,20,4,15,165.1,311,0
MaxScorePlayer,0.003,12.587,3.3,72,24,5,15,195.3,372,0
MaxScorePlayer,0.001,15.807,4.2,42,19,4,19,188.5,367,0
MaxScorePlayer,0.001,15.263,4.7,34,17,4,17,130.5,300,0
MaxScorePlayer,0.001,11.066,4.2,66,27,5,16,164.8,434,1
MaxScorePlayer,0.004,15.283,6.5,44,18,5,17,195.2,322,0
MaxScorePlayer,0.002,15.128,4.9,36,18,5,16,161.6,301,0
MaxScorePlayer,0.001,15.27,6.5,46,19,5,18,210.1,352,0
MaxScorePlayer,0.001,12.501,4.4,63,23,4,16,169.0,368,0
MaxScorePlayer,0.001,15.458,6.2,42,23,4,16,216.9,381,0
MaxScorePlayer,0.003,15.423,4.8,62,24,5,16,143.3,393,1
MaxScorePlayer,0.001,15.233,5.5,34,21,4,16,178.3,336,0
MaxScorePlayer,0.006,15.376,5.5,42,23,4,17,190.8,393,1
MaxScorePlayer,0.001,15.067,4.3,32,19,5,15,140.4,297,0
MaxScorePlayer,0.005,15.214,6.1,89,34,5,16,180.1,546,1
MaxScorePlayer,0.001,15.04,4.1,31,17,4,18,186.7,322,0
MaxScorePlayer,0.001,15.483,5.8,83,28,5,15,187.7,428,1
MaxScorePlayer,0.002,9.922,3.1,65,24,4,18,111.1,440,1
MaxScorePlayer,0.001,15.139,4.5,65,23,5,17,158.2,391,1
MaxScorePlayer,0.499,15.218,7.1,36,28,5,13,210.0,370,0
MaxScorePlayer,0.001,15.373,4.5,44,18,4,17,152.6,316,0
MaxScorePlayer,0.001,15.044,2.7,34,18,4,16,119.6,298,0
MaxScorePlayer,0.001,15.268,5.0,51,25,5,16,134.7,405,1
MaxScorePlayer,0.013,11.848,4.7,33,18,4,17,224.5,318,0
MaxScorePlayer,0.002,14.167,4.9,71,27,4,16,180.0,436,1
MaxScorePlayer,0.001,15.032,3.2,38,19,4,17,101.0,326,0
MaxScorePlayer,0.847,15.695,8.2,68,23,4,16,197.6,370,1
MaxScorePlayer,0.001,15.272,7.0,82,31,5,15,186.9,475,1
MaxScorePlayer,0.001,15.03,5.0,89,27,5,14,150.4,386,1
MaxScorePlayer,0.002,15.292,3.1,41,20,4,17,153.9,350,0
MaxScorePlayer,0.012,11.944,3.3,65,21,4,16,137.9,351,1
MaxScorePlayer,0.001,13.85,4.5,68,26,5,15,147.4,401,1
MaxScorePlayer,0.001,15.45,4.8,66,21,5,16,132.1,348,0
MaxScorePlayer,0.003,15.008,3.9,80,25,5,16,148.1,412,1
MaxScorePlayer,0.002,16.05,5.9,61,25,5,17,180.9,430,0
MaxScorePlayer,0.002,15.394,5.4,37,19,5,17,193.0,337,0
MaxScorePlayer,0.001,15.388,5.4,34,17,4,17,171.6,299,0
MaxScorePlayer,0.001,15.08,4.3,39,23,5,14,141.0,322,0
MaxScorePlayer,0.001,15.066,4.6,70,26,5,16,135.6,418,1
MaxScorePlayer,0.003,15.203,8.6,35,19,5,15,175.0,285,0
MaxScorePlayer,0.001,13.769,5.4,51,22,4,15,168.4,332,0
MaxScorePlayer,0.015,15.062,5.0,42,24,5,14,143.6,349,1
MaxScorePlayer,0.002,9.055,2.8,31,20,4,16,158.5,324,1
MaxScorePlayer,0.001,16.269,3.4,37,18,4,17,197.3,308,0
MaxScorePlayer,0.011,15.178,4.5,41,19,4,18,162.6,358,1
MaxScorePlayer,0.002,15.178,3.0,42,17,4,19,124.9,324,0
MaxScorePlayer,0.001,15.101,5.3,59,25,5,16,145.9,410,1
MaxScorePlayer,0.001,15.146,4.5,41,23,5,15,155.9,356,0
MaxScorePlayer,0.001,9.295,3.2,48,25,4,16,112.0,401,1
MaxScorePlayer,0.001,15.769,5.7,95,34,5,14,184.9,479,1
MaxScorePlayer,0.002,15.032,8.0,83,31,5,13,182.9,408,1
MaxScorePlayer,0.006,8.795,2.2,38,17,4,18,161.4,316,0
MaxScorePlayer,0.003,15.481,6.1,57,23,5,15,152.6,348,0
MaxScorePlayer,0.001,15.031,3.0,36,19,4,17,98.6,335,0
MaxScorePlayer,0.001,7.817,3.0,35,21,4,15,115.7,325,0
MaxScorePlayer,0.004,15.553,6.7,62,25,5,16,205.3,414,0
MaxScorePlayer,0.001,15.192,3.6,27,16,4,19,140.0,319,0
MaxScorePlayer,0.016,15.207,6.2,49,28,5,13,128.8,367,0
MaxScorePlayer,0.001,15.152,4.8,44,24,5,15,143.6,367,0
MaxScorePlayer,0.001,6.297,3.0,32,17,4,16,161.4,275,0
MaxScorePlayer,0.003,15.009,4.4,45,27,5,16,119.0,446,1
MaxScorePlayer,2.61,15.181,9.8,74,32,5,12,190.2,384,0
MaxScorePlayer,0.065,15.245,6.7,37,27,5,14,174.2,386,1
MaxScorePlayer,0.029,15.382,3.5,31,18,4,17,133.4,306,0
