agent,min-move-time,max-move-time,avg-move-time,max-move-score,avg-move-score,avg-word-length,num-moves,game-time,score,win
MultiPlayer3,0.006,15.504,4.5,60,22,4,18,127.2,403,1
MultiPlayer3,0.003,15.57,5.4,80,22,4,16,190.7,359,0
MultiPlayer3,0.003,15.278,5.6,83,35,5,16,139.4,564,1
MultiPlayer3,0.004,15.319,4.1,34,24,5,14,125.8,341,0
MultiPlayer3,0.005,15.312,5.6,68,25,5,17,201.0,434,0
MultiPlayer3,0.003,10.954,4.2,72,21,4,16,140.9,340,0
MultiPlayer3,0.001,15.272,6.7,89,28,5,15,172.0,427,1
MultiPlayer3,0.001,15.112,3.7,84,24,5,17,130.7,422,1
MultiPlayer3,0.001,15.19,5.0,45,22,4,16,162.2,354,0
MultiPlayer3,0.002,12.086,5.5,80,31,5,15,189.4,469,1
MultiPlayer3,0.004,15.015,6.5,83,27,5,15,162.8,412,1
MultiPlayer3,0.005,15.198,8.0,221,47,6,13,150.1,614,1
MultiPlayer3,0.003,15.437,7.2,72,26,4,16,161.0,420,1
MultiPlayer3,0.001,11.344,4.6,36,18,5,17,128.5,315,1
MultiPlayer3,0.004,15.197,3.6,33,20,4,18,157.0,361,1
MultiPlayer3,0.002,15.231,3.5,149,27,4,16,131.0,436,1
MultiPlayer3,0.562,15.225,7.6,33,21,5,14,161.0,297,0
MultiPlayer3,0.001,15.542,7.1,51,24,4,16,195.6,387,0
MultiPlayer3,0.004,15.314,5.0,74,26,5,16,128.0,418,1
MultiPlayer3,0.001,11.298,5.7,86,23,5,16,171.8,380,0
MultiPlayer3,0.001,15.029,6.6,78,25,5,14,177.1,359,0
MultiPlayer3,0.003,15.148,7.2,57,30,5,14,150.3,428,1
MultiPlayer3,0.003,15.138,5.8,70,25,4,17,164.2,426,1
MultiPlayer3,1.305,15.064,5.8,61,30,5,14,189.1,425,1
MultiPlayer3,0.001,15.165,4.7,38,21,4,15,180.6,321,0
MultiPlayer3,0.003,15.218,5.0,62,29,6,14,125.3,409,1
MultiPlayer3,0.003,15.222,6.4,34,21,4,15,151.4,318,1
MultiPlayer3,0.005,15.218,4.1,32,20,4,15,151.0,310,0
MultiPlayer3,0.001,15.021,5.9,76,25,4,16,191.3,408,1
MultiPlayer3,0.063,15.191,6.8,70,30,5,14,160.6,433,1
MultiPlayer3,0.004,15.042,4.9,39,20,5,17,163.6,354,1
MultiPlayer3,0.001,16.556,5.3,80,37,5,15,181.8,563,1
MultiPlayer3,0.001,15.016,6.5,39,23,4,14,208.4,327,0
MultiPlayer3,0.012,15.117,4.0,42,23,4,18,158.8,426,1
MultiPlayer3,0.001,15.157,6.2,39,17,4,15,184.7,265,0
MultiPlayer3,0.001,15.584,6.1,86,27,5,16,194.3,439,1
MultiPlayer3,0.004,15.346,6.7,52,25,4,15,160.8,381,1
MultiPlayer3,0.004,15.01,4.0,66,28,5,14,159.6,397,1
MultiPlayer3,0.001,15.143,6.5,43,23,5,16,165.5,375,1
MultiPlayer3,0.001,15.594,7.3,91,27,5,16,199.2,441,0
MultiPlayer3,0.001,15.115,5.6,78,25,4,17,196.0,429,1
MultiPlayer3,0.001,15.469,7.9,54,25,5,14,163.6,362,1
MultiPlayer3,0.001,15.395,6.7,83,31,6,15,193.0,467,1
MultiPlayer3,0.007,15.286,8.0,47,21,5,15,165.2,326,1
MultiPlayer3,0.003,15.061,4.8,51,23,5,16,182.8,369,1
MultiPlayer3,0.001,15.394,5.8,39,22,5,15,141.9,339,0
MultiPlayer3,0.001,7.157,3.3,36,24,5,15,106.1,372,1
MultiPlayer3,0.001,17.252,5.2,74,30,5,15,159.4,454,1
MultiPlayer3,0.065,15.012,8.2,102,33,5,12,163.5,396,0
MultiPlayer3,0.001,13.915,4.6,46,24,4,16,180.1,398,0
MultiPlayer3,0.002,15.122,2.7,27,16,4,19,150.0,314,0
MultiPlayer3,0.001,15.012,3.4,74,27,5,14,150.4,390,0
MultiPlayer3,0.004,15.041,4.3,36,19,5,17,146.9,328,0
MultiPlayer3,0.006,15.434,5.7,83,29,5,15,157.1,441,1
MultiPlayer3,0.003,9.029,3.5,48,23,5,16,153.7,381,1
MultiPlayer3,0.003,15.36,5.8,62,25,4,16,162.4,415,1
MultiPlayer3,0.004,13.243,4.9,74,31,5,14,128.8,447,1
MultiPlayer3,0.004,13.787,4.7,95,30,5,13,147.7,391,1
MultiPlayer3,0.001,15.521,7.5,63,23,5,17,198.6,395,1
MultiPlayer3,0.001,15.375,7.5,22,16,4,19,254.6,307,0
MultiPlayer3,0.006,15.197,5.7,45,22,4,18,187.0,396,0
MultiPlayer3,0.001,15.471,5.5,65,20,5,19,174.5,390,1
MultiPlayer3,0.001,5.92,2.5,53,20,4,15,105.6,307,0
MultiPlayer3,0.003,15.596,6.3,40,21,5,14,152.5,298,0
MultiPlayer3,0.001,6.794,3.6,64,26,5,14,106.4,369,1
MultiPlayer3,0.001,7.771,2.7,48,24,4,16,110.9,389,0
MultiPlayer3,0.014,10.575,3.9,36,20,4,18,123.8,376,1
MultiPlayer3,0.004,9.869,4.4,36,22,4,16,152.5,360,0
MultiPlayer3,0.001,15.385,5.4,62,25,5,15,137.1,378,1
MultiPlayer3,0.004,15.083,4.7,44,22,5,15,160.9,337,0
MultiPlayer3,0.004,14.508,5.1,70,26,5,15,179.5,403,1
MultiPlayer3,0.004,15.575,8.5,68,28,5,13,165.0,369,1
MultiPlayer3,0.001,15.216,4.9,48,20,5,15,154.0,313,0
MultiPlayer3,0.056,15.269,4.7,53,27,5,15,135.9,407,0
MultiPlayer3,0.004,13.109,3.9,68,25,5,16,158.1,406,1
MultiPlayer3,0.003,15.189,4.7,72,24,4,18,127.4,445,1
MultiPlayer3,0.001,15.014,4.9,62,24,5,15,185.0,360,0
MultiPlayer3,0.024,8.108,3.4,80,22,4,18,140.4,400,1
MultiPlayer3,0.013,15.332,7.8,78,33,5,14,183.9,465,1
MultiPlayer3,0.012,15.199,7.1,34,23,5,16,178.6,370,1
MultiPlayer3,0.002,15.261,6.3,80,29,6,15,130.9,439,1
MultiPlayer3,0.001,9.698,4.2,63,24,5,16,166.8,394,1
MultiPlayer3,0.006,13.312,4.2,62,31,5,15,119.3,468,1
MultiPlayer3,0.003,15.072,5.0,44,19,4,18,139.8,342,0
MultiPlayer3,0.001,15.01,6.7,50,25,5,15,194.1,375,0
MultiPlayer3,0.004,15.764,6.9,76,36,5,14,174.0,510,1
MultiPlayer3,0.004,11.502,3.8,75,25,5,15,160.3,378,0
MultiPlayer3,0.004,15.391,6.8,56,23,5,13,167.0,303,0
MultiPlayer3,0.004,15.144,4.3,70,24,5,15,134.5,368,0
MultiPlayer3,0.001,15.132,6.7,58,26,5,14,160.8,374,0
MultiPlayer3,0.979,11.868,6.2,83,36,6,14,185.1,507,1
MultiPlayer3,0.001,15.638,7.1,78,28,5,16,167.9,452,1
MultiPlayer3,0.003,12.95,3.7,42,24,4,15,133.5,370,0
MultiPlayer3,0.001,15.007,4.4,54,23,4,15,145.2,355,0
MultiPlayer3,0.006,15.061,6.8,36,24,5,14,186.9,349,0
MultiPlayer3,0.003,15.167,3.5,64,22,4,15,99.7,336,1
MultiPlayer3,0.002,11.721,4.0,86,35,6,12,132.2,424,1
MultiPlayer3,0.001,15.342,4.4,89,28,4,16,143.6,450,1
MultiPlayer3,0.001,15.267,5.3,42,21,4,16,163.8,343,0
MultiPlayer3,0.003,15.341,5.2,44,23,5,17,122.3,394,1
