agent,min-move-time,max-move-time,avg-move-time,max-move-score,avg-move-score,avg-word-length,num-moves,game-time,score,win
MultiPlayer2,0.002,9.135,3.2,104,28,4,15,124.5,426,1
MultiPlayer2,0.004,15.017,7.7,70,32,4,15,189.2,489,1
MultiPlayer2,0.002,15.641,3.4,36,20,4,16,120.7,334,1
MultiPlayer2,0.004,15.15,6.2,64,28,5,16,131.4,449,1
MultiPlayer2,0.004,15.079,4.7,71,24,4,16,125.6,387,1
MultiPlayer2,0.001,15.321,4.2,39,20,4,18,148.9,370,1
MultiPlayer2,0.003,15.414,4.3,82,28,4,17,126.8,481,1
MultiPlayer2,0.003,15.143,4.8,92,28,4,17,133.7,479,1
MultiPlayer2,0.001,11.189,4.7,43,22,4,18,159.9,406,1
MultiPlayer2,0.001,15.283,5.4,62,22,4,19,213.0,429,1
MultiPlayer2,0.001,5.562,3.6,63,27,5,15,145.7,413,0
MultiPlayer2,0.003,15.011,7.5,63,34,5,14,155.2,477,1
MultiPlayer2,0.003,15.322,5.1,72,30,5,15,151.8,460,1
MultiPlayer2,0.026,15.258,3.2,68,25,5,16,135.1,415,0
MultiPlayer2,0.003,15.218,6.8,37,22,4,17,173.0,385,0
MultiPlayer2,0.001,11.342,3.2,76,23,4,19,175.9,447,1
MultiPlayer2,0.001,15.305,3.8,69,30,5,14,128.0,427,1
MultiPlayer2,0.006,15.075,4.6,48,20,4,18,150.0,375,0
MultiPlayer2,0.001,15.076,3.9,39,17,4,20,134.7,345,1
MultiPlayer2,0.001,15.017,4.2,33,19,4,18,143.2,356,1
MultiPlayer2,0.001,15.046,5.7,41,20,4,16,140.7,323,1
MultiPlayer2,0.003,15.025,6.1,69,25,4,17,216.3,438,1
MultiPlayer2,0.011,15.113,4.4,72,24,4,15,120.8,368,1
MultiPlayer2,0.001,15.543,3.4,33,18,4,17,90.5,307,0
MultiPlayer2,0.001,8.819,2.9,80,23,4,17,127.8,398,1
MultiPlayer2,0.397,15.011,4.5,68,32,5,12,109.8,395,0
MultiPlayer2,0.001,15.374,6.5,80,31,5,14,153.9,444,1
MultiPlayer2,0.002,15.019,3.9,39,18,4,18,129.9,335,1
MultiPlayer2,0.001,15.114,5.0,98,27,5,15,152.8,414,1
MultiPlayer2,0.002,5.343,2.2,80,20,4,20,137.3,411,1
MultiPlayer2,0.001,15.272,6.0,88,26,4,18,128.3,470,1
MultiPlayer2,0.001,15.053,2.8,82,28,4,16,125.9,449,1
MultiPlayer2,0.001,15.316,3.6,66,22,4,18,106.5,400,1
MultiPlayer2,0.044,15.313,4.2,27,18,4,17,145.9,306,0
MultiPlayer2,0.001,15.088,4.7,61,24,4,17,164.4,423,1
MultiPlayer2,0.004,11.642,3.5,48,23,5,16,173.1,378,1
MultiPlayer2,0.001,15.225,3.9,74,23,5,17,154.9,393,0
MultiPlayer2,0.001,15.225,5.5,48,21,5,16,132.5,339,0
MultiPlayer2,0.001,15.013,5.5,63,21,4,17,183.5,366,1
MultiPlayer2,0.001,15.226,5.0,41,24,4,15,168.3,366,0
MultiPlayer2,0.001,15.299,5.1,76,24,5,17,166.9,418,1
MultiPlayer2,0.001,15.005,4.7,68,25,4,16,162.9,410,0
MultiPlayer2,0.001,15.298,4.0,31,17,4,18,133.6,319,0
MultiPlayer2,0.004,15.314,5.5,28,16,4,18,173.8,298,0
MultiPlayer2,0.001,15.099,4.2,104,33,5,16,133.0,528,1
MultiPlayer2,0.001,15.096,4.5,51,25,5,16,164.9,404,0
MultiPlayer2,0.004,15.507,5.0,72,26,4,17,144.0,442,1
MultiPlayer2,0.001,5.168,2.3,28,17,4,17,139.2,304,0
MultiPlayer2,0.001,15.292,4.8,53,22,4,19,122.3,431,1
MultiPlayer2,0.001,15.042,5.7,33,19,4,18,172.8,352,1
MultiPlayer2,0.001,8.102,3.0,70,21,4,20,119.2,422,1
MultiPlayer2,0.001,15.177,4.6,28,18,4,15,124.6,270,0
MultiPlayer2,0.001,15.488,6.1,46,20,4,17,164.5,356,0
MultiPlayer2,0.001,15.067,4.5,43,23,5,16,127.0,377,1
MultiPlayer2,0.001,15.01,3.9,44,22,4,16,126.2,367,0
MultiPlayer2,0.003,15.573,3.7,39,23,5,16,125.5,382,0
MultiPlayer2,0.001,15.514,4.1,61,20,4,18,156.2,367,0
MultiPlayer2,0.004,15.183,7.4,106,34,4,17,234.5,589,1
MultiPlayer2,0.01,15.032,4.5,92,28,5,16,137.5,451,1
MultiPlayer2,0.001,15.122,6.7,34,23,5,16,165.3,381,0
MultiPlayer2,0.001,15.257,6.3,39,22,5,18,169.6,410,1
MultiPlayer2,0.007,15.434,4.9,68,26,5,17,127.7,457,1
MultiPlayer2,0.001,10.042,4.1,73,22,4,18,138.3,403,1
MultiPlayer2,0.003,15.363,8.9,30,17,4,18,182.4,314,0
MultiPlayer2,0.001,15.135,5.4,45,23,5,18,189.6,418,1
MultiPlayer2,0.001,15.856,6.8,63,27,5,14,172.0,385,0
MultiPlayer2,0.002,15.664,5.9,39,23,4,15,163.4,353,0
MultiPlayer2,0.001,15.391,5.0,61,21,4,17,156.3,363,1
MultiPlayer2,0.003,15.012,4.6,32,17,4,19,150.8,336,1
MultiPlayer2,0.001,15.44,3.6,48,23,4,18,99.4,421,1
MultiPlayer2,0.001,15.008,5.9,74,31,5,15,138.1,473,1
MultiPlayer2,0.001,7.825,3.4,48,22,4,15,169.6,341,0
MultiPlayer2,0.004,15.295,5.2,65,31,5,15,147.4,467,1
MultiPlayer2,0.001,15.01,3.6,76,25,4,17,131.5,426,1
MultiPlayer2,0.032,15.051,5.6,33,25,5,13,140.8,337,0
MultiPlayer2,0.002,15.609,5.9,70,26,4,18,170.4,482,1
MultiPlayer2,0.004,15.155,4.0,40,22,5,16,106.8,367,1
MultiPlayer2,0.001,12.775,5.4,94,39,5,13,157.2,511,1
MultiPlayer2,0.001,15.498,4.5,86,24,5,16,161.4,398,0
MultiPlayer2,0.001,15.131,4.6,78,27,4,17,155.4,464,1
MultiPlayer2,0.003,15.101,4.6,80,28,5,14,155.5,398,0
MultiPlayer2,0.022,15.014,5.6,48,19,4,17,133.3,333,1
MultiPlayer2,0.156,15.191,7.3,49,30,4,14,172.5,426,0
MultiPlayer2,0.004,7.776,2.5,36,17,4,19,144.2,338,1
MultiPlayer2,0.003,11.234,4.6,69,23,5,16,177.9,383,1
MultiPlayer2,0.002,15.149,5.7,102,26,5,16,148.7,416,1
MultiPlayer2,0.062,15.261,6.3,78,32,5,14,143.3,453,1
MultiPlayer2,0.001,15.21,4.3,64,23,4,15,151.9,346,0
MultiPlayer2,0.001,15.145,4.3,59,23,4,17,135.6,395,1
MultiPlayer2,0.003,9.361,2.6,45,22,4,18,157.1,409,1
MultiPlayer2,0.014,15.221,4.9,41,20,4,17,128.0,348,1
MultiPlayer2,0.001,15.185,5.4,83,31,5,15,146.7,471,1
MultiPlayer2,0.001,6.64,2.2,34,18,4,21,134.6,398,1
MultiPlayer2,0.001,11.535,4.5,84,31,4,18,168.7,565,1
MultiPlayer2,0.001,9.268,3.2,68,29,4,16,160.3,478,1
MultiPlayer2,0.003,11.447,3.6,46,23,4,16,169.0,375,0
MultiPlayer2,0.001,15.2,5.1,43,22,5,16,171.3,358,0
MultiPlayer2,0.001,15.141,4.9,49,23,4,16,132.8,376,0
MultiPlayer2,0.003,12.554,2.7,33,18,4,17,140.5,307,0
MultiPlayer2,0.003,11.696,4.6,158,29,4,16,157.2,477,1
