agent,min-move-time,max-move-time,avg-move-time,max-move-score,avg-move-score,avg-word-length,num-moves,game-time,score,win
MultiPlayer4,0.001,15.273,4.1,42,20,5,17,131.1,353,0
MultiPlayer4,0.001,15.027,4.3,31,17,4,19,146.3,332,0
MultiPlayer4,0.001,15.381,5.9,66,25,5,15,181.2,388,1
MultiPlayer4,0.007,15.402,5.5,33,21,4,16,177.1,338,0
MultiPlayer4,0.001,15.329,5.5,83,25,4,17,158.1,436,1
MultiPlayer4,0.001,15.077,4.1,51,24,4,18,121.0,434,1
MultiPlayer4,0.001,15.121,3.5,66,23,4,17,142.3,398,0
MultiPlayer4,0.007,15.094,5.4,32,23,5,16,205.4,372,0
MultiPlayer4,0.001,9.197,2.1,34,18,4,20,180.5,365,0
MultiPlayer4,0.001,11.96,2.4,32,15,4,19,127.4,297,0
MultiPlayer4,0.001,15.16,4.2,86,24,4,18,138.5,438,1
MultiPlayer4,0.001,15.023,5.1,89,24,4,17,148.9,415,1
MultiPlayer4,0.001,10.55,4.1,68,28,5,15,171.6,431,1
MultiPlayer4,0.001,10.208,3.4,46,20,4,19,209.5,395,1
MultiPlayer4,0.001,16.396,5.9,64,24,5,16,183.5,384,0
MultiPlayer4,0.001,9.733,3.0,46,25,4,16,148.5,403,0
MultiPlayer4,0.616,15.466,7.6,83,35,6,12,169.6,423,0
MultiPlayer4,0.001,15.006,4.9,42,21,5,20,195.1,433,1
MultiPlayer4,0.001,15.191,5.9,52,22,4,16,158.4,354,0
MultiPlayer4,0.005,15.144,3.0,39,19,4,17,107.9,339,0
MultiPlayer4,0.001,8.157,3.5,39,17,4,20,198.3,349,0
MultiPlayer4,0.001,15.275,6.9,39,21,4,17,177.6,363,1
MultiPlayer4,0.002,15.017,4.0,51,20,4,18,155.2,372,1
MultiPlayer4,0.004,15.318,3.6,26,17,4,18,156.3,313,1
MultiPlayer4,0.001,15.014,3.7,50,18,4,19,131.9,356,0
MultiPlayer4,0.001,15.104,5.0,71,27,5,15,146.0,414,1
MultiPlayer4,0.001,15.113,4.3,37,18,4,17,138.6,317,0
MultiPlayer4,0.002,15.277,3.6,40,17,4,20,171.3,350,0
MultiPlayer4,0.002,15.409,6.3,34,19,4,19,166.7,365,1
MultiPlayer4,0.001,15.647,4.1,74,30,5,17,142.8,519,1
MultiPlayer4,0.005,15.184,5.6,45,28,4,16,144.2,451,0
MultiPlayer4,1.26,15.011,6.3,70,28,5,15,162.8,426,1
MultiPlayer4,0.001,15.04,4.7,36,16,4,21,176.1,353,0
MultiPlayer4,0.003,15.017,5.9,84,25,4,16,163.6,401,0
MultiPlayer4,0.005,15.098,4.1,53,20,4,16,142.4,328,0
MultiPlayer4,0.002,15.167,6.6,40,25,5,15,166.6,385,1
MultiPlayer4,0.001,15.011,4.4,42,19,4,18,165.1,358,1
MultiPlayer4,0.005,15.1,9.1,65,31,5,16,195.3,498,1
MultiPlayer4,0.004,15.108,6.1,41,20,4,18,188.5,376,1
MultiPlayer4,0.004,9.219,2.5,42,21,4,20,130.5,420,1
MultiPlayer4,0.001,15.152,6.5,72,27,4,15,164.8,408,0
MultiPlayer4,0.001,15.027,5.7,74,24,4,16,195.2,391,1
MultiPlayer4,0.002,15.075,5.2,67,24,4,16,161.6,388,1
MultiPlayer4,0.001,12.658,5.8,36,25,5,16,210.1,400,1
MultiPlayer4,0.016,15.19,7.0,101,30,5,14,169.0,428,1
MultiPlayer4,0.015,15.991,6.6,72,25,5,18,216.9,467,1
MultiPlayer4,0.001,15.141,3.5,83,20,4,19,143.3,384,0
MultiPlayer4,0.001,15.153,5.4,42,22,4,17,178.3,380,1
MultiPlayer4,0.002,12.758,5.4,80,20,4,18,190.8,367,0
MultiPlayer4,0.001,16.011,4.5,62,22,4,17,140.4,386,1
MultiPlayer4,0.005,15.418,4.5,38,18,3,19,180.1,352,0
MultiPlayer4,0.005,14.655,8.0,65,29,5,14,186.7,407,1
MultiPlayer4,0.001,15.141,6.0,45,19,4,17,187.7,338,0
MultiPlayer4,0.001,15.341,3.4,52,22,4,17,111.1,376,0
MultiPlayer4,0.004,15.131,5.1,40,23,4,16,158.2,373,0
MultiPlayer4,0.002,15.455,6.9,72,23,4,17,210.0,399,1
MultiPlayer4,0.003,15.014,4.3,84,21,4,18,152.6,388,1
MultiPlayer4,0.015,15.009,5.1,62,26,5,15,119.6,392,1
MultiPlayer4,0.001,9.804,3.0,32,20,4,18,134.7,360,0
MultiPlayer4,0.001,15.063,8.5,36,22,4,17,224.5,378,1
MultiPlayer4,0.004,15.013,6.4,40,23,4,16,180.0,375,0
MultiPlayer4,0.001,15.127,2.6,37,18,4,18,101.0,335,1
MultiPlayer4,0.001,15.19,3.7,30,18,4,18,197.6,337,0
MultiPlayer4,0.004,15.399,5.8,54,27,5,14,186.9,388,0
MultiPlayer4,0.001,15.524,5.0,35,21,4,16,150.4,345,0
MultiPlayer4,0.001,15.108,6.0,39,24,4,17,153.9,414,1
MultiPlayer4,0.001,16.296,5.2,32,18,4,17,137.9,316,0
MultiPlayer4,0.001,15.419,5.0,47,24,5,16,147.4,388,0
MultiPlayer4,0.001,15.037,3.4,44,23,4,16,132.1,378,1
MultiPlayer4,0.003,15.6,4.8,42,21,4,18,148.1,381,0
MultiPlayer4,0.001,14.672,4.4,78,25,4,18,180.9,452,1
MultiPlayer4,0.002,15.444,5.3,33,20,4,19,193.0,389,1
MultiPlayer4,0.002,15.079,4.7,38,19,4,17,171.6,331,1
MultiPlayer4,0.001,15.012,5.4,45,23,5,15,141.0,346,1
MultiPlayer4,0.002,15.21,3.8,47,22,4,16,135.6,366,0
MultiPlayer4,0.001,6.238,2.9,36,21,5,16,175.0,346,1
MultiPlayer4,0.004,15.066,6.7,74,32,5,13,168.4,426,1
MultiPlayer4,0.004,15.328,4.6,43,19,4,16,143.6,307,0
MultiPlayer4,0.001,15.309,6.3,30,15,4,18,158.5,287,0
MultiPlayer4,0.001,15.73,7.0,45,17,4,20,197.3,354,1
MultiPlayer4,0.001,15.059,4.5,36,19,4,18,162.6,356,0
MultiPlayer4,0.002,12.001,3.7,45,21,4,18,124.9,385,1
MultiPlayer4,0.001,10.734,3.8,42,22,4,16,145.9,367,0
MultiPlayer4,0.001,15.091,5.2,32,21,4,17,155.9,359,1
MultiPlayer4,0.006,15.44,3.8,30,17,4,16,112.0,282,0
MultiPlayer4,0.007,16.075,8.1,67,25,5,13,184.9,335,0
MultiPlayer4,0.007,14.108,5.2,50,22,4,15,182.9,336,0
MultiPlayer4,0.001,15.313,6.4,43,19,4,19,161.4,370,1
MultiPlayer4,0.001,15.175,3.9,89,27,4,16,152.6,440,1
MultiPlayer4,0.002,15.11,2.8,71,28,5,17,98.6,479,1
MultiPlayer4,0.002,15.388,4.4,33,21,4,16,115.7,340,1
MultiPlayer4,0.004,12.986,7.5,89,35,5,14,205.3,490,1
MultiPlayer4,0.002,15.293,3.8,54,21,4,19,140.0,400,1
MultiPlayer4,0.001,15.099,3.9,70,28,5,14,128.8,392,1
MultiPlayer4,0.003,15.952,4.4,104,26,4,16,143.6,423,1
MultiPlayer4,0.295,15.255,7.1,35,22,5,16,161.4,361,1
MultiPlayer4,0.001,15.051,3.1,68,23,5,16,119.0,383,0
MultiPlayer4,0.004,11.934,4.8,80,30,5,15,190.2,461,1
MultiPlayer4,0.015,15.396,5.8,76,25,5,15,174.2,378,0
MultiPlayer4,0.001,15.248,4.1,31,22,4,18,133.4,397,1
