agent,min-move-time,max-move-time,avg-move-time,max-move-score,avg-move-score,avg-word-length,num-moves,game-time,score,win
MaxScorePlayer,0.002,15.241,5.1,61,23,5,15,124.5,352,0
MaxScorePlayer,0.004,15.168,4.9,89,28,5,15,189.2,423,0
MaxScorePlayer,0.003,15.489,4.2,35,20,5,16,120.7,333,0
MaxScorePlayer,0.004,10.296,2.1,42,22,5,15,131.4,340,0
MaxScorePlayer,0.003,15.023,3.4,54,23,4,16,125.6,375,0
MaxScorePlayer,0.001,15.176,4.3,40,19,5,17,148.9,338,0
MaxScorePlayer,0.003,9.537,3.6,94,28,4,15,126.8,430,0
MaxScorePlayer,0.001,15.061,3.2,44,18,5,16,133.7,303,0
MaxScorePlayer,0.006,15.49,4.4,30,17,4,18,159.9,315,0
MaxScorePlayer,0.003,15.272,6.9,35,19,4,16,213.0,306,0
MaxScorePlayer,0.013,15.342,6.6,76,28,5,15,145.7,424,1
MaxScorePlayer,0.001,15.17,3.9,42,25,5,13,155.2,336,0
MaxScorePlayer,0.003,15.085,5.7,43,19,4,14,151.8,279,0
MaxScorePlayer,0.003,15.116,5.6,88,28,4,15,135.1,423,1
MaxScorePlayer,0.001,11.149,3.6,48,25,4,16,173.0,401,1
MaxScorePlayer,0.052,15.521,8.2,71,25,5,14,175.9,362,0
MaxScorePlayer,0.004,15.373,5.8,86,30,5,14,128.0,423,0
MaxScorePlayer,0.001,15.115,3.5,75,22,4,19,150.0,430,1
MaxScorePlayer,0.003,15.185,3.8,31,19,5,16,134.7,304,0
MaxScorePlayer,0.005,15.174,4.5,38,23,5,15,143.2,347,0
MaxScorePlayer,0.006,15.307,3.1,31,20,5,16,140.7,322,0
MaxScorePlayer,0.003,15.22,6.2,42,18,4,18,216.3,340,0
MaxScorePlayer,0.001,15.267,3.4,95,22,5,16,120.8,359,0
MaxScorePlayer,0.001,6.731,2.0,39,20,4,16,90.5,322,1
MaxScorePlayer,0.003,15.199,5.6,32,20,5,14,127.8,285,0
MaxScorePlayer,0.003,15.024,4.0,95,29,5,14,109.8,412,1
MaxScorePlayer,0.005,15.198,4.2,33,21,5,15,153.9,321,0
MaxScorePlayer,0.003,9.098,3.7,34,20,4,16,129.9,327,0
MaxScorePlayer,0.005,10.686,6.0,42,26,5,13,152.8,342,0
MaxScorePlayer,0.001,15.305,5.5,38,20,4,17,137.3,347,0
MaxScorePlayer,0.001,4.441,1.1,39,17,4,18,128.3,309,0
MaxScorePlayer,0.001,15.229,5.6,54,27,4,15,125.9,419,0
MaxScorePlayer,0.003,15.347,2.5,76,17,4,18,106.5,313,0
MaxScorePlayer,0.001,15.109,4.7,82,24,5,16,145.9,394,1
MaxScorePlayer,0.002,15.007,5.0,49,21,4,17,164.4,368,0
MaxScorePlayer,0.004,15.213,7.3,40,19,4,17,173.1,337,0
MaxScorePlayer,0.001,15.288,6.4,89,30,5,14,154.9,428,1
MaxScorePlayer,0.002,8.476,3.2,76,25,5,14,132.5,355,1
MaxScorePlayer,0.012,15.387,6.5,62,24,4,15,183.5,362,0
MaxScorePlayer,0.001,15.454,7.2,98,31,5,13,168.3,410,1
MaxScorePlayer,0.001,15.13,4.5,33,17,4,18,166.9,312,0
MaxScorePlayer,0.003,15.312,5.8,68,28,5,15,162.9,424,1
MaxScorePlayer,0.001,9.779,3.8,39,20,4,16,133.6,332,1
MaxScorePlayer,0.001,15.279,4.7,49,25,4,17,173.8,429,1
MaxScorePlayer,0.001,15.037,4.4,72,25,5,15,133.0,378,0
MaxScorePlayer,0.003,15.217,6.1,68,27,5,16,164.9,433,1
MaxScorePlayer,0.012,12.455,3.9,61,25,4,16,144.0,409,0
MaxScorePlayer,0.278,15.35,7.2,86,27,5,15,139.2,412,1
MaxScorePlayer,0.819,4.059,2.0,36,20,4,17,122.3,342,0
MaxScorePlayer,0.001,15.43,4.1,39,19,4,17,172.8,338,0
MaxScorePlayer,0.003,15.181,3.2,30,14,4,19,119.2,283,0
MaxScorePlayer,0.001,15.046,3.5,45,23,4,16,124.6,382,1
MaxScorePlayer,0.003,15.204,4.4,80,29,5,14,164.5,416,1
MaxScorePlayer,0.001,15.268,3.4,39,20,4,16,127.0,329,0
MaxScorePlayer,0.003,15.203,4.6,54,26,5,15,126.2,403,1
MaxScorePlayer,0.012,15.156,4.4,86,33,5,15,125.5,495,1
MaxScorePlayer,0.991,15.056,6.3,74,32,5,13,156.2,416,1
MaxScorePlayer,0.003,15.187,6.8,44,23,5,16,234.5,372,0
MaxScorePlayer,0.002,15.047,4.4,72,22,4,16,137.5,355,0
MaxScorePlayer,0.003,8.974,3.9,86,26,4,16,165.3,429,1
MaxScorePlayer,0.001,15.16,3.5,66,22,4,16,169.6,363,0
MaxScorePlayer,0.005,15.199,2.8,44,20,4,16,127.7,321,0
MaxScorePlayer,0.001,15.056,3.6,28,15,4,18,138.3,278,0
MaxScorePlayer,0.001,4.267,1.1,91,20,4,19,182.4,383,1
MaxScorePlayer,0.01,12.884,6.2,37,20,4,16,189.6,322,0
MaxScorePlayer,0.001,13.704,5.5,98,28,4,14,172.0,398,1
MaxScorePlayer,0.001,15.038,5.0,78,26,5,15,163.4,404,1
MaxScorePlayer,0.012,15.079,5.1,36,20,4,14,156.3,288,0
MaxScorePlayer,0.001,15.194,3.4,34,15,4,19,150.8,299,0
MaxScorePlayer,0.003,8.691,1.8,36,15,4,19,99.4,301,0
MaxScorePlayer,0.001,15.057,3.3,70,22,5,15,138.1,344,0
MaxScorePlayer,0.004,15.156,8.5,65,28,5,14,169.6,399,1
MaxScorePlayer,0.001,15.186,4.7,60,25,4,15,147.4,379,0
MaxScorePlayer,0.001,15.397,4.2,45,20,4,17,131.5,356,0
MaxScorePlayer,0.002,15.27,4.9,80,31,5,14,140.8,446,1
MaxScorePlayer,0.003,10.922,4.0,45,21,5,16,170.4,345,0
MaxScorePlayer,0.001,8.038,2.5,73,19,4,17,106.8,332,0
MaxScorePlayer,0.003,16.923,7.9,86,34,5,11,157.2,376,0
MaxScorePlayer,0.001,15.068,5.2,58,26,4,17,161.4,455,1
MaxScorePlayer,0.001,15.062,5.1,69,24,5,15,155.4,368,0
MaxScorePlayer,0.001,15.055,6.1,68,27,5,15,155.5,415,1
MaxScorePlayer,0.001,5.384,2.6,76,21,5,15,133.3,329,0
MaxScorePlayer,0.001,15.053,4.7,89,29,5,15,172.5,436,1
MaxScorePlayer,0.001,15.201,4.9,38,16,4,20,144.2,326,0
MaxScorePlayer,0.001,16.614,7.3,48,24,4,15,177.9,371,0
MaxScorePlayer,0.001,15.219,3.6,42,23,4,16,148.7,382,0
MaxScorePlayer,0.003,10.549,4.4,48,23,5,14,143.3,330,0
MaxScorePlayer,0.001,15.045,5.5,63,26,4,16,151.9,424,1
MaxScorePlayer,0.001,15.042,3.9,56,24,4,16,135.6,384,0
MaxScorePlayer,0.001,15.343,6.6,41,22,4,17,157.1,388,0
MaxScorePlayer,0.002,15.036,2.5,38,18,4,18,128.0,328,0
MaxScorePlayer,0.001,11.206,4.3,45,25,5,15,146.7,380,0
MaxScorePlayer,0.009,15.298,4.9,31,19,4,18,134.6,350,0
MaxScorePlayer,0.002,15.054,5.9,46,25,4,15,168.7,384,0
MaxScorePlayer,0.269,15.28,8.4,36,20,5,14,160.3,289,0
MaxScorePlayer,0.006,16.13,6.6,65,27,5,17,169.0,467,1
MaxScorePlayer,0.755,15.215,6.5,60,26,5,14,171.3,367,1
MaxScorePlayer,0.001,10.513,3.4,92,27,5,16,132.8,445,1
MaxScorePlayer,0.004,15.298,6.3,33,21,5,15,140.5,321,1
MaxScorePlayer,0.001,15.597,4.9,37,18,4,17,157.2,316,0
