agent,min-move-time,max-move-time,avg-move-time,max-move-score,avg-move-score,avg-word-length,num-moves,game-time,score,win
MaxScorePlayer,0.001,7.622,2.4,60,18,4,19,127.2,344,0
MaxScorePlayer,0.001,15.484,6.5,76,25,5,16,190.7,406,1
MaxScorePlayer,0.001,15.257,3.4,72,22,5,15,139.4,338,0
MaxScorePlayer,0.001,15.173,4.5,80,29,5,15,125.8,440,1
MaxScorePlayer,0.001,15.041,5.8,37,24,5,18,201.0,438,1
MaxScorePlayer,0.004,15.18,5.6,60,27,5,14,140.9,391,1
MaxScorePlayer,0.001,13.118,4.8,40,22,4,15,172.0,330,0
MaxScorePlayer,1.65,15.052,5.2,46,27,5,14,130.7,387,0
MaxScorePlayer,0.002,12.086,5.5,38,24,4,15,162.2,365,1
MaxScorePlayer,0.001,15.126,7.6,42,22,4,14,189.4,318,0
MaxScorePlayer,0.001,15.312,4.1,74,25,4,16,162.8,408,0
MaxScorePlayer,0.001,6.489,3.2,49,26,5,14,150.1,369,0
MaxScorePlayer,0.001,8.112,2.7,44,21,4,17,161.0,367,0
MaxScorePlayer,0.015,15.093,3.3,36,18,4,16,128.5,300,0
MaxScorePlayer,0.003,15.047,5.4,48,19,5,17,157.0,338,0
MaxScorePlayer,0.015,15.078,6.1,32,21,5,13,131.0,284,0
MaxScorePlayer,0.001,12.451,4.4,42,25,5,14,161.0,352,1
MaxScorePlayer,0.001,15.615,5.5,69,27,5,15,195.6,413,1
MaxScorePlayer,0.003,8.611,3.0,76,24,4,16,128.0,388,0
MaxScorePlayer,0.001,15.611,5.7,90,29,5,14,171.8,418,1
MaxScorePlayer,0.002,15.071,6.6,92,35,5,13,177.1,466,1
MaxScorePlayer,0.005,9.85,3.1,68,21,4,17,150.3,366,0
MaxScorePlayer,0.001,15.211,3.9,37,17,4,18,164.2,320,0
MaxScorePlayer,0.001,15.15,7.2,67,25,5,15,189.1,384,0
MaxScorePlayer,0.009,15.383,7.9,66,27,5,14,180.6,384,1
MaxScorePlayer,0.008,15.13,4.3,54,25,5,13,125.3,333,0
MaxScorePlayer,0.001,8.601,3.6,35,20,5,15,151.4,312,0
MaxScorePlayer,0.001,15.141,6.0,76,27,5,15,151.0,419,1
MaxScorePlayer,0.001,15.238,7.0,43,24,5,14,191.3,343,0
MaxScorePlayer,0.001,15.154,5.2,84,24,5,14,160.6,346,0
MaxScorePlayer,0.001,15.335,4.8,36,18,4,17,163.6,311,0
MaxScorePlayer,0.001,15.31,7.9,36,23,4,13,181.8,310,0
MaxScorePlayer,0.014,15.369,9.0,86,41,5,13,208.4,537,1
MaxScorePlayer,0.029,12.736,5.3,36,19,4,17,158.8,325,0
MaxScorePlayer,0.001,12.984,5.7,63,29,5,16,184.7,470,1
MaxScorePlayer,0.001,15.611,5.7,48,23,4,17,194.3,402,0
MaxScorePlayer,0.001,15.109,4.1,68,24,5,15,160.8,360,0
MaxScorePlayer,0.001,15.407,7.4,68,27,4,14,159.6,378,0
MaxScorePlayer,0.001,12.243,4.1,36,19,4,15,165.5,295,0
MaxScorePlayer,0.004,15.1,6.3,95,36,5,13,199.2,468,1
MaxScorePlayer,0.008,15.155,7.2,36,24,5,14,196.0,344,0
MaxScorePlayer,0.001,9.813,3.8,40,23,5,14,163.6,331,0
MaxScorePlayer,0.004,11.492,6.6,42,26,5,14,193.0,370,0
MaxScorePlayer,0.002,9.144,3.2,33,20,5,14,165.2,293,0
MaxScorePlayer,0.001,15.334,6.6,28,17,4,16,182.8,282,0
MaxScorePlayer,0.03,9.089,4.2,74,28,5,13,141.9,374,1
MaxScorePlayer,0.704,15.102,4.4,65,25,5,13,106.1,330,0
MaxScorePlayer,0.001,15.267,5.8,34,20,5,14,159.4,291,0
MaxScorePlayer,0.001,15.41,5.2,72,31,5,14,163.5,442,1
MaxScorePlayer,0.001,15.43,6.6,66,27,4,16,180.1,433,1
MaxScorePlayer,0.001,15.16,6.1,50,24,5,16,150.0,393,1
MaxScorePlayer,0.002,15.305,6.4,72,28,4,16,150.4,460,1
MaxScorePlayer,0.001,15.09,4.1,38,19,4,18,146.9,359,1
MaxScorePlayer,0.001,15.137,5.1,77,25,5,14,157.1,353,0
MaxScorePlayer,0.001,15.042,6.6,34,20,4,15,153.7,302,0
MaxScorePlayer,0.002,15.28,5.0,60,25,5,15,162.4,383,0
MaxScorePlayer,0.001,15.435,4.1,65,24,4,15,128.8,363,0
MaxScorePlayer,0.036,15.405,7.2,36,23,5,13,147.7,300,0
MaxScorePlayer,0.002,14.461,5.1,60,25,4,14,198.6,362,0
MaxScorePlayer,0.003,15.036,6.2,34,19,4,18,254.6,346,1
MaxScorePlayer,0.001,15.192,5.7,89,26,5,16,187.0,423,1
MaxScorePlayer,0.013,15.164,4.4,30,19,5,17,174.5,332,0
MaxScorePlayer,0.004,15.279,5.2,72,32,5,13,105.6,425,1
MaxScorePlayer,0.004,7.606,4.6,95,31,5,14,152.5,444,1
MaxScorePlayer,0.002,15.642,3.8,63,24,5,15,106.4,366,0
MaxScorePlayer,0.001,15.412,4.3,83,26,5,16,110.9,416,1
MaxScorePlayer,0.001,16.261,3.1,28,14,4,18,123.8,259,0
MaxScorePlayer,0.248,15.41,6.7,69,30,5,14,152.5,424,1
MaxScorePlayer,0.001,15.127,3.5,36,22,4,16,137.1,354,0
MaxScorePlayer,0.001,15.084,5.3,61,22,5,17,160.9,378,1
MaxScorePlayer,0.002,15.69,6.4,63,21,4,16,179.5,345,0
MaxScorePlayer,0.001,8.761,3.6,62,22,4,15,165.0,343,0
MaxScorePlayer,0.001,15.061,5.7,67,24,5,14,154.0,343,1
MaxScorePlayer,0.004,12.436,4.0,78,26,4,16,135.9,425,1
MaxScorePlayer,0.003,15.295,7.1,39,23,4,14,158.1,326,0
MaxScorePlayer,0.001,15.251,3.1,33,22,5,15,127.4,335,0
MaxScorePlayer,0.016,15.625,7.9,71,29,5,14,185.0,418,1
MaxScorePlayer,0.003,15.643,4.7,39,23,4,17,140.4,395,0
MaxScorePlayer,0.004,15.03,5.8,42,25,4,14,183.9,358,0
MaxScorePlayer,0.001,15.925,4.1,43,19,5,16,178.6,311,0
MaxScorePlayer,0.001,6.666,2.2,34,19,4,16,130.9,314,0
MaxScorePlayer,0.001,15.875,7.1,30,22,5,14,166.8,320,0
MaxScorePlayer,0.001,15.268,3.6,41,21,4,17,119.3,362,0
MaxScorePlayer,0.001,10.46,3.2,90,24,5,17,139.8,414,1
MaxScorePlayer,0.001,15.162,6.3,73,25,4,15,194.1,381,1
MaxScorePlayer,0.001,13.337,6.5,62,30,5,13,174.0,393,0
MaxScorePlayer,0.001,15.219,7.2,65,31,5,15,160.3,467,1
MaxScorePlayer,0.001,12.677,6.1,39,24,5,13,167.0,314,1
MaxScorePlayer,0.013,15.019,5.7,45,28,4,13,134.5,375,1
MaxScorePlayer,0.001,15.019,5.2,83,32,5,13,160.8,417,1
MaxScorePlayer,0.012,15.367,6.2,40,21,4,16,185.1,338,0
MaxScorePlayer,0.006,13.006,3.8,62,24,5,15,167.9,369,0
MaxScorePlayer,0.001,15.043,4.6,58,23,4,17,133.5,392,1
MaxScorePlayer,0.004,15.084,5.7,98,35,5,14,145.2,496,1
MaxScorePlayer,0.001,15.009,6.6,90,27,5,14,186.9,379,1
MaxScorePlayer,0.001,6.745,3.0,44,19,4,16,99.7,306,0
MaxScorePlayer,0.014,15.131,7.7,69,32,6,11,132.2,356,0
MaxScorePlayer,0.003,15.043,5.2,66,24,5,14,143.6,349,0
MaxScorePlayer,0.001,15.053,4.6,62,22,4,17,163.8,376,1
MaxScorePlayer,0.001,5.876,2.0,29,18,4,17,122.3,318,0
