agent,min-move-time,max-move-time,avg-move-time,max-move-score,avg-move-score,avg-word-length,num-moves,game-time,score,win
SaveCommonPlayer,0.001,15.117,3.3,41,16,4,20,119.4,330,0
SaveCommonPlayer,0.003,7.89,3.4,30,13,3,23,172.9,319,0
SaveCommonPlayer,0.001,15.108,4.2,72,27,4,17,231.8,473,1
SaveCommonPlayer,0.001,15.216,3.9,86,23,4,19,145.5,438,1
SaveCommonPlayer,0.001,15.117,1.3,33,13,3,23,105.6,310,0
SaveCommonPlayer,0.001,15.005,1.8,42,12,3,24,147.1,308,0
SaveCommonPlayer,0.003,15.144,4.5,95,22,4,18,197.0,405,0
SaveCommonPlayer,0.002,15.285,2.8,74,21,4,20,128.3,436,1
SaveCommonPlayer,0.001,15.281,2.3,28,15,3,21,157.4,324,0
SaveCommonPlayer,0.002,15.31,3.6,51,17,4,22,194.3,394,1
SaveCommonPlayer,0.004,15.299,2.8,32,12,4,25,187.8,305,0
SaveCommonPlayer,0.001,15.089,2.8,39,17,4,22,176.7,381,0
SaveCommonPlayer,0.001,6.264,2.9,84,18,4,23,186.8,432,1
SaveCommonPlayer,0.001,15.21,1.7,30,14,3,21,165.8,298,0
SaveCommonPlayer,0.001,19.525,6.8,66,21,4,18,218.5,378,0
SaveCommonPlayer,0.002,4.687,2.0,65,19,4,18,122.6,355,0
SaveCommonPlayer,0.001,15.01,3.5,37,19,4,19,136.7,361,0
SaveCommonPlayer,0.002,7.119,2.3,45,17,3,22,138.9,383,0
SaveCommonPlayer,0.001,2.405,0.8,33,10,3,22,140.6,238,0
SaveCommonPlayer,0.001,5.281,1.2,98,18,3,21,200.2,384,0
SaveCommonPlayer,0.002,15.209,2.2,20,10,3,22,149.8,224,0
SaveCommonPlayer,0.001,9.401,3.0,68,19,4,22,205.6,439,1
SaveCommonPlayer,0.001,15.191,2.8,62,16,3,20,150.4,322,0
SaveCommonPlayer,0.001,4.203,1.0,65,15,3,21,121.2,321,0
SaveCommonPlayer,0.002,6.792,3.0,33,17,4,21,176.8,370,0
SaveCommonPlayer,0.001,6.965,2.5,40,17,4,23,156.5,408,1
SaveCommonPlayer,0.003,15.5,4.6,30,16,4,20,189.6,326,0
SaveCommonPlayer,0.001,15.066,2.7,39,13,3,23,187.6,319,0
SaveCommonPlayer,0.002,10.68,2.9,63,20,4,18,162.2,373,0
SaveCommonPlayer,0.001,15.401,3.1,82,26,4,16,118.1,422,1
SaveCommonPlayer,0.001,15.039,2.6,32,12,3,24,147.8,300,0
SaveCommonPlayer,0.001,15.138,1.7,32,16,3,22,114.9,369,0
SaveCommonPlayer,0.001,15.167,4.4,33,18,4,18,117.4,335,0
SaveCommonPlayer,0.001,15.36,4.0,89,27,4,20,157.8,554,1
SaveCommonPlayer,0.004,15.411,3.7,70,18,4,21,213.3,381,0
SaveCommonPlayer,0.003,6.283,1.0,28,12,3,25,135.3,314,0
SaveCommonPlayer,0.001,15.525,3.1,36,14,3,23,153.5,338,0
SaveCommonPlayer,0.001,15.445,2.8,60,16,4,21,184.8,353,0
SaveCommonPlayer,0.001,15.056,3.1,42,16,4,19,165.7,314,0
SaveCommonPlayer,0.004,15.198,2.8,39,14,3,23,186.6,331,0
SaveCommonPlayer,0.001,15.014,2.1,77,17,3,22,139.3,375,0
SaveCommonPlayer,0.002,4.99,1.5,39,14,3,22,144.9,316,0
SaveCommonPlayer,0.003,15.076,4.5,70,19,4,21,178.3,419,1
SaveCommonPlayer,0.001,15.178,7.0,86,29,5,18,224.6,527,1
SaveCommonPlayer,0.001,15.424,4.1,64,23,4,19,175.0,437,1
SaveCommonPlayer,0.001,15.169,7.5,68,26,4,17,207.2,458,1
SaveCommonPlayer,0.001,15.073,4.0,90,24,4,19,176.7,466,1
SaveCommonPlayer,0.001,15.035,2.8,33,13,3,25,181.7,326,0
SaveCommonPlayer,0.001,4.973,1.1,86,17,3,20,122.5,358,0
SaveCommonPlayer,0.001,15.461,3.8,62,20,4,19,168.1,380,1
SaveCommonPlayer,0.001,15.457,4.2,69,21,4,18,189.3,392,0
SaveCommonPlayer,0.001,15.383,2.9,44,17,4,20,180.1,356,0
SaveCommonPlayer,0.018,15.322,3.7,92,21,4,19,187.7,413,1
SaveCommonPlayer,0.002,15.225,4.5,65,21,4,17,151.5,366,0
SaveCommonPlayer,0.001,15.065,1.8,33,11,4,22,146.5,258,0
SaveCommonPlayer,0.001,15.023,5.5,86,33,5,15,196.8,499,1
SaveCommonPlayer,0.002,15.016,3.8,83,25,4,17,163.5,437,1
SaveCommonPlayer,0.001,15.069,2.8,40,15,3,21,173.2,318,0
SaveCommonPlayer,0.001,15.019,2.7,70,18,3,21,144.2,392,1
SaveCommonPlayer,0.004,7.285,1.5,29,12,3,20,158.8,244,0
SaveCommonPlayer,0.058,15.03,2.9,33,13,3,21,136.4,277,0
SaveCommonPlayer,0.001,15.066,2.1,54,18,4,20,152.7,371,1
SaveCommonPlayer,0.001,15.206,3.4,61,20,4,19,193.1,383,0
SaveCommonPlayer,0.006,9.383,2.6,34,14,3,20,167.2,296,0
SaveCommonPlayer,0.001,15.019,2.9,32,13,4,22,153.7,298,0
SaveCommonPlayer,0.003,15.121,2.3,59,19,4,21,170.3,408,1
SaveCommonPlayer,0.003,15.138,2.6,24,11,4,20,177.2,224,0
SaveCommonPlayer,0.001,15.049,5.9,50,20,4,19,194.8,390,0
SaveCommonPlayer,0.003,15.16,5.4,60,25,4,16,166.2,404,1
SaveCommonPlayer,0.001,6.612,0.9,50,16,3,19,155.6,309,0
SaveCommonPlayer,0.001,11.533,2.9,40,17,4,22,194.3,388,0
SaveCommonPlayer,0.001,15.033,4.8,43,19,4,19,201.2,376,0
SaveCommonPlayer,0.001,15.279,5.5,76,16,3,23,265.6,378,0
SaveCommonPlayer,0.001,15.403,5.5,89,27,4,16,220.3,440,1
SaveCommonPlayer,0.002,15.037,2.4,37,14,3,22,157.5,324,0
SaveCommonPlayer,0.001,15.026,1.5,50,13,3,22,171.6,294,0
SaveCommonPlayer,0.001,15.012,3.3,78,16,3,22,194.1,367,0
SaveCommonPlayer,0.002,15.166,4.3,74,24,4,20,186.4,498,1
SaveCommonPlayer,0.001,15.386,4.3,41,17,4,21,187.0,359,0
SaveCommonPlayer,0.001,15.173,4.1,45,21,4,18,164.2,386,0
SaveCommonPlayer,0.001,15.27,5.3,110,24,4,18,183.3,435,1
SaveCommonPlayer,0.003,15.156,3.9,69,18,3,21,178.5,387,0
SaveCommonPlayer,0.059,2.647,0.5,34,10,3,24,126.5,255,0
SaveCommonPlayer,0.001,15.324,1.8,32,13,3,19,140.8,265,0
SaveCommonPlayer,0.004,15.377,2.1,30,13,3,26,186.3,338,0
SaveCommonPlayer,0.002,15.046,2.2,24,13,3,21,174.6,281,0
SaveCommonPlayer,0.002,15.248,5.8,83,26,4,17,201.8,458,1
SaveCommonPlayer,0.003,15.172,3.2,69,18,4,21,164.3,386,1
SaveCommonPlayer,0.001,5.642,1.5,71,20,4,19,172.5,391,0
SaveCommonPlayer,0.003,15.442,4.0,36,13,4,22,130.7,291,0
SaveCommonPlayer,0.001,15.059,4.2,65,20,4,19,170.1,395,0
SaveCommonPlayer,0.001,15.439,2.4,70,19,4,20,169.8,383,0
SaveCommonPlayer,0.002,3.86,0.8,31,11,3,24,144.7,281,0
SaveCommonPlayer,0.001,15.042,2.7,47,14,3,22,138.6,328,0
SaveCommonPlayer,0.003,15.018,2.0,28,10,3,23,137.9,248,0
SaveCommonPlayer,0.002,15.009,4.9,77,27,4,17,156.6,473,1
SaveCommonPlayer,0.001,15.092,3.9,52,17,3,21,183.0,359,1
SaveCommonPlayer,0.001,15.214,4.9,62,23,4,16,153.3,370,0
SaveCommonPlayer,0.001,15.553,3.1,48,16,4,23,134.4,375,1
SaveCommonPlayer,0.001,15.238,3.1,60,18,3,21,203.9,386,0
