agent,min-move-time,max-move-time,avg-move-time,max-move-score,avg-move-score,avg-word-length,num-moves,game-time,score,win
MaxScorePlayer,0.001,15.017,2.6,86,21,4,21,119.4,449,1
MaxScorePlayer,0.003,15.022,5.7,89,28,5,17,172.9,490,1
MaxScorePlayer,0.076,15.245,10.0,54,24,5,16,231.8,389,0
MaxScorePlayer,0.003,15.015,4.7,59,24,5,15,145.5,367,0
MaxScorePlayer,0.004,13.729,3.6,45,20,4,21,105.6,430,1
MaxScorePlayer,0.001,15.293,5.5,44,20,5,19,147.1,388,1
MaxScorePlayer,0.002,15.222,6.8,102,26,5,17,197.0,447,1
MaxScorePlayer,0.002,15.014,4.0,37,20,4,18,128.3,362,0
MaxScorePlayer,0.001,16.218,6.4,67,28,5,17,157.4,480,1
MaxScorePlayer,0.001,13.714,6.8,36,21,5,17,194.3,372,0
MaxScorePlayer,0.002,15.227,6.0,45,20,4,20,187.8,409,1
MaxScorePlayer,0.002,17.21,5.5,36,20,5,21,176.7,425,1
MaxScorePlayer,0.001,15.629,6.7,29,17,4,18,186.8,310,0
MaxScorePlayer,0.001,16.416,7.2,62,23,5,18,165.8,420,1
MaxScorePlayer,0.002,19.842,6.0,70,28,5,16,218.5,449,1
MaxScorePlayer,0.002,15.168,4.6,57,21,4,19,122.6,416,1
MaxScorePlayer,0.001,15.058,3.5,84,20,5,20,136.7,401,1
MaxScorePlayer,0.001,15.064,5.0,74,23,5,18,138.9,424,1
MaxScorePlayer,0.001,15.415,6.4,83,27,5,19,140.6,517,1
MaxScorePlayer,0.001,15.035,8.7,82,25,5,20,200.2,500,1
MaxScorePlayer,0.001,14.378,5.4,68,26,5,19,149.8,508,1
MaxScorePlayer,0.001,15.592,6.7,40,19,5,21,205.6,409,0
MaxScorePlayer,0.001,15.221,5.2,70,24,4,18,150.4,447,1
MaxScorePlayer,0.003,15.595,6.2,102,27,5,16,121.2,442,1
MaxScorePlayer,0.002,15.322,6.0,92,25,5,19,176.8,489,1
MaxScorePlayer,0.003,15.387,5.2,32,21,4,19,156.5,402,0
MaxScorePlayer,0.004,15.403,5.3,69,22,5,19,189.6,436,1
MaxScorePlayer,0.024,15.239,6.6,36,22,5,19,187.6,428,1
MaxScorePlayer,0.001,17.667,6.4,84,27,5,17,162.2,470,1
MaxScorePlayer,0.001,15.377,4.9,67,26,5,14,118.1,367,0
MaxScorePlayer,0.001,12.309,4.3,51,18,5,20,147.8,373,1
MaxScorePlayer,0.001,15.081,4.1,65,25,5,19,114.9,481,1
MaxScorePlayer,0.001,6.973,2.2,36,21,5,17,117.4,359,1
MaxScorePlayer,0.001,15.234,5.2,72,29,5,15,157.8,449,0
MaxScorePlayer,0.011,15.183,8.0,49,25,4,18,213.3,459,1
MaxScorePlayer,0.003,15.309,4.5,32,16,4,25,135.3,421,1
MaxScorePlayer,0.001,12.394,4.9,39,20,5,17,153.5,344,1
MaxScorePlayer,0.004,15.415,7.5,51,24,4,18,184.8,439,1
MaxScorePlayer,0.001,15.562,6.0,39,20,4,18,165.7,377,1
MaxScorePlayer,0.001,15.184,6.2,66,25,5,20,186.6,506,1
MaxScorePlayer,0.001,15.094,4.9,50,24,5,19,139.3,466,1
MaxScorePlayer,0.004,15.451,6.0,67,20,4,19,144.9,391,1
MaxScorePlayer,0.003,15.018,4.6,45,20,4,18,178.3,362,0
MaxScorePlayer,0.001,15.42,5.8,46,23,5,17,224.6,402,0
MaxScorePlayer,0.002,17.722,5.4,57,21,5,19,175.0,417,0
MaxScorePlayer,0.006,11.658,4.7,44,22,4,17,207.2,382,0
MaxScorePlayer,0.004,15.044,6.7,110,29,4,15,176.7,435,0
MaxScorePlayer,0.001,15.182,5.4,42,19,4,21,181.7,417,1
MaxScorePlayer,0.237,15.518,5.9,74,25,5,17,122.5,428,1
MaxScorePlayer,0.001,16.164,5.6,39,22,5,17,168.1,377,0
MaxScorePlayer,0.003,15.684,8.1,98,38,6,14,189.3,543,1
MaxScorePlayer,0.001,15.245,6.8,61,26,4,18,180.1,484,1
MaxScorePlayer,0.001,15.538,5.9,86,20,4,20,187.7,412,0
MaxScorePlayer,0.002,14.752,5.3,68,28,5,14,151.5,396,1
MaxScorePlayer,0.001,15.176,6.0,80,25,5,18,146.5,459,1
MaxScorePlayer,0.001,15.222,8.1,82,29,5,14,196.8,411,0
MaxScorePlayer,0.007,15.464,7.1,70,30,6,14,163.5,425,0
MaxScorePlayer,0.013,15.737,7.1,74,33,5,16,173.2,533,1
MaxScorePlayer,0.001,15.107,5.2,56,22,5,17,144.2,389,0
MaxScorePlayer,0.004,15.689,6.8,67,24,5,19,158.8,457,1
MaxScorePlayer,0.001,15.01,3.6,39,19,4,21,136.4,408,1
MaxScorePlayer,0.002,15.11,5.8,57,18,5,19,152.7,352,0
MaxScorePlayer,0.001,16.482,6.8,63,27,5,19,193.1,518,1
MaxScorePlayer,0.001,15.053,6.9,72,26,5,17,167.2,447,1
MaxScorePlayer,0.003,15.315,4.5,84,26,5,20,153.7,535,1
MaxScorePlayer,0.003,15.274,7.6,34,21,5,16,170.3,351,0
MaxScorePlayer,0.003,15.355,6.6,52,23,5,19,177.2,446,1
MaxScorePlayer,0.001,15.043,4.8,67,26,5,17,194.8,456,1
MaxScorePlayer,0.001,15.207,5.3,62,24,4,16,166.2,395,0
MaxScorePlayer,0.014,16.158,8.6,79,32,5,17,155.6,544,1
MaxScorePlayer,0.001,16.228,6.6,92,24,4,20,194.3,482,1
MaxScorePlayer,0.014,16.405,7.9,92,38,6,14,201.2,533,1
MaxScorePlayer,0.001,13.85,7.0,56,22,4,20,265.6,453,1
MaxScorePlayer,0.001,16.053,8.2,82,25,5,16,220.3,413,0
MaxScorePlayer,0.001,15.432,5.5,40,19,4,19,157.5,364,1
MaxScorePlayer,0.003,15.121,7.0,54,26,5,20,171.6,522,1
MaxScorePlayer,0.003,15.188,7.1,77,25,4,18,194.1,462,1
MaxScorePlayer,0.001,15.145,5.9,40,23,4,17,186.4,400,0
MaxScorePlayer,0.001,16.062,5.6,62,26,5,17,187.0,447,1
MaxScorePlayer,0.003,15.453,6.0,93,29,5,15,164.2,444,1
MaxScorePlayer,0.001,11.829,5.4,62,25,5,16,183.3,406,0
MaxScorePlayer,0.001,15.269,5.4,79,23,5,18,178.5,424,1
MaxScorePlayer,0.003,15.128,5.0,69,16,4,24,126.5,399,1
MaxScorePlayer,0.111,17.298,7.6,74,31,6,14,140.8,445,1
MaxScorePlayer,0.042,15.432,6.3,36,18,4,21,186.3,392,1
MaxScorePlayer,0.004,15.072,7.7,39,25,5,17,174.6,425,1
MaxScorePlayer,0.007,15.143,5.7,83,25,5,18,201.8,451,0
MaxScorePlayer,0.001,15.18,4.6,32,17,4,21,164.3,373,0
MaxScorePlayer,0.106,17.349,9.6,70,29,5,15,172.5,443,1
MaxScorePlayer,0.001,6.685,2.1,40,17,4,21,130.7,374,1
MaxScorePlayer,0.001,14.164,5.3,88,25,5,17,170.1,440,1
MaxScorePlayer,0.004,15.533,7.7,76,25,5,17,169.8,426,1
MaxScorePlayer,0.001,15.246,5.6,36,19,4,22,144.7,426,1
MaxScorePlayer,0.423,15.306,5.0,54,24,5,16,138.6,388,1
MaxScorePlayer,0.005,15.04,4.6,42,18,5,20,137.9,367,1
MaxScorePlayer,0.001,15.091,4.4,46,22,4,18,156.6,398,0
MaxScorePlayer,0.053,13.492,6.3,36,21,5,16,183.0,340,0
MaxScorePlayer,0.003,13.447,5.0,176,32,4,15,153.3,494,1
MaxScorePlayer,0.059,15.79,3.7,33,20,4,17,134.4,348,0
MaxScorePlayer,0.001,13.264,7.0,67,20,4,20,203.9,414,1
