agent,min-move-time,max-move-time,avg-move-time,max-move-score,avg-move-score,avg-word-length,num-moves,game-time,score,win
MaxScorePlayer,0.003,15.016,5.3,95,28,5,15,163.8,430,1
MaxScorePlayer,0.024,15.372,6.2,40,15,4,19,204.9,298,0
MaxScorePlayer,0.003,15.383,4.5,30,15,4,19,143.8,301,0
MaxScorePlayer,0.002,15.352,6.0,39,19,4,18,178.1,350,1
MaxScorePlayer,0.06,19.292,7.0,62,32,5,13,199.0,417,0
MaxScorePlayer,0.001,15.021,5.4,54,26,4,14,164.6,374,0
MaxScorePlayer,0.002,15.368,7.2,72,26,5,15,176.2,398,1
MaxScorePlayer,0.001,15.307,6.7,36,23,5,16,172.8,383,0
MaxScorePlayer,0.001,17.755,8.7,44,21,4,17,245.4,362,1
MaxScorePlayer,0.001,15.216,4.3,89,26,5,15,147.2,403,1
MaxScorePlayer,0.013,16.144,7.8,36,16,4,17,229.2,287,0
MaxScorePlayer,0.004,15.22,6.6,83,34,5,13,168.1,453,1
MaxScorePlayer,0.006,15.218,4.7,50,22,5,15,197.5,339,0
MaxScorePlayer,0.02,18.768,9.2,63,31,5,15,192.0,469,1
MaxScorePlayer,0.001,14.996,4.3,33,20,4,17,177.9,340,0
MaxScorePlayer,0.005,15.286,7.4,65,23,5,16,199.9,380,0
MaxScorePlayer,0.006,14.47,5.3,45,24,5,15,167.5,371,1
MaxScorePlayer,0.007,15.739,7.8,70,22,5,17,190.2,389,1
MaxScorePlayer,0.001,15.213,4.4,63,25,5,16,127.3,409,1
MaxScorePlayer,0.001,15.446,6.7,47,21,5,15,178.6,318,0
MaxScorePlayer,0.003,15.313,5.9,74,27,5,15,177.2,419,1
MaxScorePlayer,0.002,15.798,5.8,84,21,4,18,147.9,388,1
MaxScorePlayer,0.001,15.477,5.1,64,23,5,16,141.7,373,0
MaxScorePlayer,0.001,15.021,5.8,59,22,4,18,150.0,396,1
MaxScorePlayer,0.001,15.082,5.6,32,18,4,21,192.2,381,1
MaxScorePlayer,0.002,15.598,4.7,50,18,4,19,204.6,353,1
MaxScorePlayer,0.002,6.65,3.2,33,19,4,19,172.2,364,1
MaxScorePlayer,0.001,15.39,4.2,72,24,4,17,159.0,423,0
MaxScorePlayer,0.001,15.122,5.9,67,25,5,16,203.5,402,0
MaxScorePlayer,0.006,15.116,6.3,62,23,5,14,127.2,331,0
MaxScorePlayer,0.001,15.058,5.5,72,23,5,17,175.8,407,1
MaxScorePlayer,0.002,16.505,4.5,36,19,5,15,154.3,294,0
MaxScorePlayer,0.42,17.388,6.8,41,24,4,15,213.5,361,0
MaxScorePlayer,0.001,14.76,5.0,80,30,5,16,201.4,492,1
MaxScorePlayer,0.002,15.047,4.0,47,18,4,18,145.0,341,0
MaxScorePlayer,0.001,15.622,5.4,77,25,5,16,147.7,404,1
MaxScorePlayer,0.003,15.236,5.9,38,18,5,18,209.3,333,0
MaxScorePlayer,0.001,15.172,5.6,32,20,4,18,169.9,371,0
MaxScorePlayer,0.015,7.702,3.4,77,27,5,13,176.6,354,0
MaxScorePlayer,0.001,15.155,4.7,70,26,5,16,153.8,429,1
MaxScorePlayer,0.02,15.539,5.8,33,17,4,21,182.7,374,1
MaxScorePlayer,0.002,15.347,6.4,39,20,4,16,166.9,328,0
MaxScorePlayer,0.006,15.194,8.1,40,21,5,16,227.5,351,0
MaxScorePlayer,0.001,11.818,5.9,39,21,4,18,216.0,391,1
MaxScorePlayer,0.003,15.452,8.3,41,23,5,14,186.1,327,0
MaxScorePlayer,0.002,15.107,6.1,68,28,5,16,164.0,461,1
MaxScorePlayer,0.004,15.036,5.3,34,20,5,16,172.6,330,0
MaxScorePlayer,0.001,13.355,7.1,48,24,5,16,200.1,393,0
MaxScorePlayer,0.003,15.373,5.6,62,24,5,15,129.6,363,1
MaxScorePlayer,0.001,15.425,3.6,42,22,5,18,140.1,404,1
MaxScorePlayer,0.006,15.291,5.9,62,19,4,16,188.4,312,0
MaxScorePlayer,0.001,15.604,5.5,36,18,4,19,213.1,351,0
MaxScorePlayer,0.003,15.447,7.1,47,24,5,16,165.1,386,0
MaxScorePlayer,0.003,5.547,1.6,22,13,4,20,138.4,276,0
MaxScorePlayer,0.001,15.15,5.3,36,19,5,16,184.5,313,0
MaxScorePlayer,0.001,15.699,4.8,37,17,5,18,124.2,321,0
MaxScorePlayer,0.001,15.065,7.0,62,26,5,16,227.1,416,1
MaxScorePlayer,0.007,15.289,5.2,48,22,4,18,172.0,401,0
MaxScorePlayer,0.016,15.33,7.8,62,30,5,14,210.3,430,1
MaxScorePlayer,0.056,12.888,6.4,74,36,5,13,184.2,468,1
MaxScorePlayer,0.003,15.608,6.6,36,20,4,18,174.0,360,0
MaxScorePlayer,0.002,15.026,5.2,45,22,5,15,171.5,344,1
MaxScorePlayer,0.001,15.382,4.0,69,22,4,15,158.2,336,0
MaxScorePlayer,0.001,15.131,4.7,39,21,5,16,142.2,351,1
MaxScorePlayer,0.017,15.256,5.7,38,15,4,19,176.2,301,0
MaxScorePlayer,0.183,15.415,5.8,30,17,5,16,126.7,274,0
MaxScorePlayer,0.006,15.51,3.8,39,21,4,16,149.9,338,0
MaxScorePlayer,0.001,15.423,6.2,72,23,5,15,158.2,347,0
MaxScorePlayer,0.001,15.201,4.3,39,22,5,17,178.0,376,0
MaxScorePlayer,0.001,15.214,5.4,42,20,4,19,204.0,382,0
MaxScorePlayer,0.001,12.77,5.0,76,28,5,15,185.8,420,1
MaxScorePlayer,0.002,7.479,4.2,42,24,5,14,155.2,340,0
MaxScorePlayer,0.002,11.546,3.5,74,29,5,17,157.8,508,1
MaxScorePlayer,0.006,15.133,3.6,41,18,4,17,99.1,322,0
MaxScorePlayer,0.003,12.172,6.3,36,25,5,14,201.1,353,0
MaxScorePlayer,0.001,15.239,6.3,66,20,4,17,162.6,347,0
MaxScorePlayer,0.001,15.367,4.2,39,20,4,17,157.5,356,0
MaxScorePlayer,0.003,15.502,7.8,49,25,5,15,200.0,376,0
MaxScorePlayer,0.001,15.491,5.3,76,32,5,14,174.0,450,0
MaxScorePlayer,0.001,15.058,3.6,36,20,4,16,172.6,321,0
MaxScorePlayer,0.001,15.355,8.3,30,19,5,15,220.4,285,0
MaxScorePlayer,0.001,15.604,4.6,31,20,4,16,153.1,322,0
MaxScorePlayer,0.002,15.198,5.9,61,27,4,15,185.8,407,0
MaxScorePlayer,0.002,15.502,4.4,61,19,4,17,179.1,323,0
MaxScorePlayer,0.001,15.995,6.9,41,21,4,16,173.2,342,0
MaxScorePlayer,0.025,14.586,4.4,66,26,5,14,181.6,373,0
MaxScorePlayer,0.001,15.161,4.0,39,20,4,18,190.7,367,0
MaxScorePlayer,0.001,15.603,4.5,98,24,4,18,185.5,449,0
MaxScorePlayer,0.001,15.259,4.8,70,26,5,15,164.3,390,1
MaxScorePlayer,0.047,15.066,5.4,68,22,4,17,156.6,384,1
MaxScorePlayer,0.001,15.203,4.6,83,21,4,18,196.4,395,1
MaxScorePlayer,0.001,15.4,7.4,78,25,5,15,129.2,389,1
MaxScorePlayer,0.001,15.242,5.1,35,20,4,17,181.3,345,1
MaxScorePlayer,0.636,15.118,5.6,39,23,5,14,170.8,329,0
MaxScorePlayer,0.002,15.204,7.2,31,19,5,17,168.6,328,1
MaxScorePlayer,0.001,7.461,3.6,32,16,4,21,161.3,338,0
MaxScorePlayer,0.004,15.02,3.5,39,21,4,16,121.5,348,1
MaxScorePlayer,0.004,15.172,5.7,42,21,4,17,175.5,363,0
MaxScorePlayer,0.001,15.541,7.8,74,29,5,15,199.0,440,1
MaxScorePlayer,0.003,15.41,5.9,35,21,4,15,195.4,320,0
