agent,min-move-time,max-move-time,avg-move-time,max-move-score,avg-move-score,avg-word-length,num-moves,game-time,score,win
MaxScorePlayer,0.001,15.278,8.1,70,26,4,16,213.3,420,1
MaxScorePlayer,0.002,15.5,5.2,86,23,5,17,154.2,398,1
MaxScorePlayer,0.001,15.463,4.9,32,21,4,16,203.1,339,0
MaxScorePlayer,0.002,12.221,4.2,42,20,4,18,199.8,362,0
MaxScorePlayer,0.005,15.241,6.6,39,24,5,12,223.8,293,0
MaxScorePlayer,0.002,9.781,3.9,46,18,4,18,138.6,334,1
MaxScorePlayer,0.001,16.414,11.2,61,28,5,13,244.1,373,1
MaxScorePlayer,0.004,18.166,9.0,84,27,4,13,223.0,359,0
MaxScorePlayer,0.002,17.647,9.4,76,32,5,13,196.8,419,0
MaxScorePlayer,0.028,19.401,7.0,86,27,5,14,181.7,384,1
MaxScorePlayer,0.002,19.475,10.9,64,26,5,13,229.6,344,0
MaxScorePlayer,0.001,12.235,5.7,45,24,5,14,213.0,340,0
MaxScorePlayer,0.001,16.23,6.1,49,24,4,15,177.6,361,0
MaxScorePlayer,0.001,13.908,5.2,50,25,5,13,211.6,337,0
MaxScorePlayer,0.003,16.001,8.9,72,30,5,13,242.9,391,1
MaxScorePlayer,0.001,16.365,5.5,86,39,5,14,169.6,547,1
MaxScorePlayer,0.031,15.335,8.9,65,30,4,14,179.6,424,0
MaxScorePlayer,0.003,15.5,11.7,41,24,4,14,245.7,348,0
MaxScorePlayer,0.008,15.21,7.9,36,20,5,15,181.2,302,0
MaxScorePlayer,0.001,13.185,3.4,70,27,5,13,113.7,361,0
MaxScorePlayer,0.001,15.799,8.4,64,26,5,14,239.7,367,1
MaxScorePlayer,0.002,13.144,4.5,50,23,4,17,239.4,407,0
MaxScorePlayer,0.001,15.566,5.3,77,31,5,12,148.5,376,1
MaxScorePlayer,0.004,13.957,5.4,69,26,5,15,181.8,396,1
MaxScorePlayer,0.005,15.126,5.7,76,25,5,16,168.0,403,1
MaxScorePlayer,0.001,5.099,2.1,29,20,4,17,135.6,344,0
MaxScorePlayer,0.001,15.071,7.1,66,34,5,14,171.9,480,1
MaxScorePlayer,2.028,15.07,6.3,37,21,5,15,162.9,321,0
MaxScorePlayer,0.001,15.844,8.8,66,27,5,14,178.9,387,0
MaxScorePlayer,0.001,16.052,5.7,39,20,4,18,262.6,374,0
MaxScorePlayer,0.002,15.196,6.1,53,21,4,19,202.4,407,1
MaxScorePlayer,0.003,15.706,4.6,55,22,4,16,189.9,355,0
MaxScorePlayer,0.002,15.152,4.6,63,22,4,18,195.7,397,0
MaxScorePlayer,0.002,15.561,5.9,65,26,5,16,151.6,422,1
MaxScorePlayer,0.006,15.44,4.9,36,19,4,16,174.5,312,0
MaxScorePlayer,0.003,15.474,7.1,37,22,5,15,149.6,338,0
MaxScorePlayer,0.003,15.173,4.3,51,21,5,15,150.2,327,0
MaxScorePlayer,0.001,15.468,3.7,32,20,4,18,130.3,360,1
MaxScorePlayer,0.004,15.012,5.7,44,21,4,15,164.9,328,0
MaxScorePlayer,0.032,15.424,5.5,41,21,4,15,159.0,329,0
MaxScorePlayer,0.002,14.919,5.1,79,29,5,14,175.6,418,0
MaxScorePlayer,0.007,15.43,7.0,36,24,5,14,158.2,339,1
MaxScorePlayer,0.003,15.221,6.3,33,23,5,15,145.7,351,1
MaxScorePlayer,0.02,15.466,4.7,106,26,4,17,158.9,443,1
MaxScorePlayer,0.002,15.261,5.8,66,23,4,15,141.5,353,1
MaxScorePlayer,0.302,15.038,7.8,66,30,5,13,175.1,400,1
MaxScorePlayer,0.022,15.354,4.1,73,21,4,17,147.8,358,1
MaxScorePlayer,0.002,15.625,7.5,29,19,5,17,201.8,336,0
MaxScorePlayer,0.001,16.555,5.8,33,21,4,15,164.4,317,0
MaxScorePlayer,1.878,15.065,9.3,30,20,4,16,233.9,330,0
MaxScorePlayer,0.001,15.17,7.5,77,28,5,15,216.3,431,1
MaxScorePlayer,0.001,15.629,9.0,69,26,5,14,233.8,372,0
MaxScorePlayer,0.001,15.229,6.5,83,22,4,17,153.7,387,1
MaxScorePlayer,0.003,13.955,4.7,38,21,4,17,174.5,368,1
MaxScorePlayer,0.001,11.386,3.6,31,21,4,14,128.0,303,0
MaxScorePlayer,0.007,16.278,7.5,80,28,5,13,184.8,366,1
MaxScorePlayer,0.002,15.137,5.6,62,23,4,16,177.7,380,1
MaxScorePlayer,0.001,15.475,5.7,45,22,4,15,164.3,342,0
MaxScorePlayer,0.003,15.676,6.0,42,25,5,14,201.4,352,0
MaxScorePlayer,0.001,7.613,3.0,26,16,4,17,168.5,283,0
MaxScorePlayer,0.001,15.287,5.7,32,17,4,18,170.5,314,0
MaxScorePlayer,0.001,15.034,1.7,45,16,4,19,127.0,319,0
MaxScorePlayer,0.082,12.059,3.5,63,23,4,16,155.0,378,1
MaxScorePlayer,0.001,16.481,9.0,92,28,5,15,185.4,422,1
MaxScorePlayer,0.009,8.477,3.6,70,30,5,14,158.8,422,1
MaxScorePlayer,0.003,17.283,6.3,82,30,4,16,213.3,484,1
MaxScorePlayer,0.001,15.356,7.8,76,25,4,16,230.9,407,1
MaxScorePlayer,0.003,15.133,5.9,42,22,4,15,149.5,335,1
MaxScorePlayer,0.001,4.061,1.7,42,19,4,18,165.5,347,0
MaxScorePlayer,0.001,15.092,3.5,84,24,5,17,177.7,422,1
MaxScorePlayer,0.028,15.489,5.3,42,19,5,15,154.2,298,0
MaxScorePlayer,0.001,15.871,7.6,72,27,5,15,215.6,410,0
MaxScorePlayer,0.001,15.505,4.3,36,18,4,19,150.6,356,1
MaxScorePlayer,0.002,15.576,6.3,66,18,4,16,168.6,300,0
MaxScorePlayer,0.002,15.053,7.8,39,21,5,18,170.0,394,1
MaxScorePlayer,0.006,10.208,3.6,45,21,4,15,142.0,324,0
MaxScorePlayer,0.098,9.258,5.5,42,23,4,16,189.0,374,1
MaxScorePlayer,0.007,17.358,7.9,42,22,4,15,195.4,335,0
MaxScorePlayer,0.002,15.286,5.2,36,21,4,17,171.5,361,0
MaxScorePlayer,0.012,13.71,5.9,46,19,4,18,188.2,348,1
MaxScorePlayer,0.001,15.011,4.5,39,19,4,15,143.6,286,0
MaxScorePlayer,0.001,15.028,6.1,32,23,5,15,148.1,358,1
MaxScorePlayer,0.001,15.407,5.1,39,18,4,17,140.4,317,0
MaxScorePlayer,0.004,15.257,5.9,61,26,5,17,189.8,442,1
MaxScorePlayer,0.006,15.172,6.4,36,19,4,14,160.6,274,0
MaxScorePlayer,0.001,6.621,2.7,66,24,4,17,153.6,414,0
MaxScorePlayer,0.009,15.055,2.8,35,19,4,19,180.9,369,0
MaxScorePlayer,0.002,15.122,5.0,70,25,5,15,175.9,389,0
MaxScorePlayer,0.001,15.641,4.7,36,22,5,16,148.7,356,1
MaxScorePlayer,0.013,15.16,6.7,76,31,5,13,178.0,411,0
MaxScorePlayer,0.002,9.832,4.4,47,22,5,16,182.9,358,1
MaxScorePlayer,0.015,15.052,4.0,70,23,5,14,125.0,334,0
MaxScorePlayer,0.001,15.346,7.3,62,25,5,15,196.3,384,0
MaxScorePlayer,0.179,16.026,5.7,51,27,4,14,131.1,379,0
MaxScorePlayer,0.001,15.043,4.0,39,21,5,16,150.7,351,1
MaxScorePlayer,0.001,15.152,5.4,39,23,4,17,206.5,397,1
MaxScorePlayer,0.001,15.11,10.3,60,28,5,13,194.1,372,1
MaxScorePlayer,0.001,15.239,5.5,65,23,5,15,174.2,348,0
MaxScorePlayer,0.003,15.177,5.9,55,25,5,16,168.5,406,0
MaxScorePlayer,0.001,15.085,5.4,80,34,5,14,142.7,480,1
