agent,min-move-time,max-move-time,avg-move-time,max-move-score,avg-move-score,avg-word-length,num-moves,game-time,score,win
UseQPlayer,0.003,9.46,3.6,42,26,5,14,116.7,371,1
UseQPlayer,0.002,15.242,3.4,74,24,4,16,123.2,384,0
UseQPlayer,0.001,15.295,3.4,34,23,5,14,107.7,326,1
UseQPlayer,0.003,15.328,5.3,51,23,4,17,143.6,392,0
UseQPlayer,0.001,15.169,6.1,69,29,5,14,136.6,412,1
UseQPlayer,0.001,15.136,4.2,85,27,5,14,123.4,390,0
UseQPlayer,0.001,15.175,3.3,70,27,5,15,98.4,419,1
UseQPlayer,0.001,15.497,4.8,76,33,5,15,117.3,509,1
UseQPlayer,0.003,15.035,3.2,78,24,5,15,141.8,364,1
UseQPlayer,0.006,15.269,3.3,89,23,4,17,120.5,406,1
UseQPlayer,0.001,15.332,5.1,31,19,4,18,158.9,358,1
UseQPlayer,0.007,15.186,4.9,45,23,5,16,150.3,373,1
UseQPlayer,0.003,15.126,5.3,36,22,4,16,142.2,362,1
UseQPlayer,0.001,15.394,6.0,63,25,5,15,152.2,379,0
UseQPlayer,0.002,15.021,4.3,59,24,4,16,124.3,384,1
UseQPlayer,0.013,15.491,10.4,42,22,5,17,241.1,387,0
UseQPlayer,0.001,15.225,3.1,50,20,4,19,149.1,387,1
UseQPlayer,0.002,15.542,5.9,45,23,4,16,146.0,374,1
UseQPlayer,0.005,15.01,5.1,48,24,5,14,111.6,342,0
UseQPlayer,0.003,9.992,4.4,30,20,5,15,153.0,303,0
UseQPlayer,0.001,15.295,5.7,43,22,4,17,213.6,378,1
UseQPlayer,0.001,15.244,5.4,40,20,4,17,145.0,355,0
UseQPlayer,0.001,15.288,4.4,40,19,4,18,134.3,342,1
UseQPlayer,0.001,15.444,5.1,62,22,4,18,155.7,412,1
UseQPlayer,0.012,10.707,3.8,36,22,5,16,133.4,356,1
UseQPlayer,0.001,15.089,4.9,72,24,4,16,133.9,387,1
UseQPlayer,0.001,15.01,6.5,76,34,5,14,166.1,483,1
UseQPlayer,0.012,15.332,7.4,107,31,5,15,156.0,475,1
UseQPlayer,0.001,15.036,3.9,48,22,4,17,135.6,376,0
UseQPlayer,0.001,6.132,3.7,82,34,5,14,132.6,488,1
UseQPlayer,0.003,15.005,5.3,64,26,5,14,160.2,365,1
UseQPlayer,0.002,15.03,4.4,88,27,4,13,131.3,353,1
UseQPlayer,0.001,15.253,7.5,80,30,5,15,150.3,459,1
UseQPlayer,0.006,15.076,5.6,48,26,5,16,192.5,416,1
UseQPlayer,0.003,9.101,3.2,39,23,4,16,114.9,374,1
UseQPlayer,0.013,15.12,7.2,48,25,4,14,165.1,357,0
UseQPlayer,0.001,15.261,2.7,42,23,4,16,93.7,374,1
UseQPlayer,0.004,15.209,5.3,37,18,4,17,142.6,321,1
UseQPlayer,0.003,9.605,4.1,37,22,5,15,136.0,333,0
UseQPlayer,0.001,15.092,5.1,80,26,5,15,157.7,392,1
UseQPlayer,0.004,8.853,3.4,78,36,5,14,108.4,506,1
UseQPlayer,0.001,15.011,6.1,38,23,5,14,125.1,325,0
UseQPlayer,0.001,15.156,5.7,35,21,4,17,138.8,358,1
UseQPlayer,0.014,15.228,6.3,75,23,4,17,147.1,406,1
UseQPlayer,0.003,15.135,3.2,65,19,5,17,155.3,327,0
