agent,min-move-time,max-move-time,avg-move-time,max-move-score,avg-move-score,avg-word-length,num-moves,game-time,score,win
MaxScorePlayer,0.003,15.254,5.1,68,26,5,13,116.7,350,0
MaxScorePlayer,0.001,15.411,5.2,76,32,5,14,123.2,459,1
MaxScorePlayer,0.002,15.108,4.6,34,23,5,13,107.7,302,0
MaxScorePlayer,0.002,11.214,3.7,92,28,4,16,143.6,454,1
MaxScorePlayer,0.004,10.092,4.7,64,27,5,12,136.6,335,0
MaxScorePlayer,0.003,15.01,4.6,98,32,5,14,123.4,453,1
MaxScorePlayer,0.003,15.027,3.7,89,31,5,13,98.4,413,0
MaxScorePlayer,0.001,6.276,3.2,64,23,4,14,117.3,334,0
MaxScorePlayer,0.002,15.1,5.5,32,19,4,17,141.8,333,0
MaxScorePlayer,0.004,15.063,4.2,43,20,4,16,120.5,330,0
MaxScorePlayer,0.007,15.214,4.0,61,20,5,17,158.9,343,0
MaxScorePlayer,0.003,15.198,5.2,39,23,4,15,150.3,351,0
MaxScorePlayer,0.003,15.064,3.4,44,18,4,17,142.2,312,0
MaxScorePlayer,0.003,15.051,3.9,74,25,4,16,152.2,407,1
MaxScorePlayer,0.001,15.122,3.4,39,20,4,16,124.3,323,0
MaxScorePlayer,0.001,15.168,4.7,61,24,5,16,241.1,398,1
MaxScorePlayer,0.003,15.526,5.0,33,18,4,18,149.1,336,0
MaxScorePlayer,0.001,8.166,3.2,32,19,4,16,146.0,305,0
MaxScorePlayer,0.002,15.26,2.5,92,27,5,16,111.6,436,1
MaxScorePlayer,0.003,15.556,5.4,45,23,4,16,153.0,376,1
MaxScorePlayer,0.013,15.311,7.3,86,21,4,17,213.6,372,0
MaxScorePlayer,1.603,5.228,3.6,80,26,5,15,145.0,399,1
MaxScorePlayer,0.002,15.067,2.9,33,17,4,19,134.3,327,0
MaxScorePlayer,0.001,15.041,3.6,40,18,4,18,155.7,331,0
MaxScorePlayer,0.001,15.074,4.1,65,19,5,18,133.4,343,0
MaxScorePlayer,0.012,15.274,3.7,33,18,4,16,133.9,294,0
MaxScorePlayer,0.001,15.318,5.7,63,28,5,13,166.1,370,0
MaxScorePlayer,0.013,10.152,3.8,64,23,5,14,156.0,322,0
MaxScorePlayer,0.003,15.005,4.3,42,23,4,16,135.6,383,1
MaxScorePlayer,0.001,15.155,5.1,78,25,5,16,132.6,409,0
MaxScorePlayer,0.001,15.953,5.8,28,17,4,15,160.2,261,0
MaxScorePlayer,0.063,11.342,6.2,64,26,6,12,131.3,320,0
MaxScorePlayer,0.002,6.435,2.5,36,22,4,15,150.3,342,0
MaxScorePlayer,0.001,15.42,6.1,37,22,5,17,192.5,384,0
MaxScorePlayer,0.001,15.21,4.5,30,21,5,15,114.9,320,0
MaxScorePlayer,0.007,15.049,5.1,65,27,5,15,165.1,418,1
MaxScorePlayer,0.003,15.03,3.4,40,21,4,16,93.7,338,0
MaxScorePlayer,0.01,15.084,3.3,48,19,5,16,142.6,314,0
MaxScorePlayer,1.112,15.416,5.7,32,26,5,13,136.0,340,1
MaxScorePlayer,0.001,15.123,6.2,69,30,5,13,157.7,390,0
MaxScorePlayer,0.001,15.398,5.1,72,31,5,12,108.4,379,0
MaxScorePlayer,0.001,6.173,2.7,78,24,5,15,125.1,367,1
MaxScorePlayer,0.003,5.925,2.6,31,19,4,16,138.8,310,0
MaxScorePlayer,0.001,6.453,2.7,33,20,5,15,147.1,307,0
MaxScorePlayer,0.001,15.429,6.1,48,23,4,17,155.3,392,1
