agent,min-move-time,max-move-time,avg-move-time,max-move-score,avg-move-score,avg-word-length,num-moves,game-time,score,win
MaxScorePlayer,0.001,15.559,7.2,44,20,4,17,175.1,348,0
MaxScorePlayer,0.001,15.132,6.3,37,21,4,15,172.0,324,0
MaxScorePlayer,0.003,15.158,5.5,65,27,5,14,169.3,384,0
MaxScorePlayer,0.003,13.005,4.7,66,24,5,15,169.5,370,1
MaxScorePlayer,0.001,15.177,6.7,78,25,4,16,200.3,407,0
MaxScorePlayer,0.014,15.051,4.8,82,29,5,15,163.7,444,1
MaxScorePlayer,0.001,15.673,7.0,110,36,5,15,192.5,541,1
MaxScorePlayer,0.003,7.703,5.0,39,22,5,15,175.7,335,0
MaxScorePlayer,0.001,15.495,6.9,62,24,5,15,190.2,363,0
MaxScorePlayer,0.001,15.486,5.6,48,25,5,14,149.4,355,0
MaxScorePlayer,0.001,18.172,8.4,74,28,5,13,224.6,369,0
MaxScorePlayer,0.316,15.428,5.6,74,28,5,13,155.6,373,1
MaxScorePlayer,0.001,15.047,5.7,102,23,4,17,175.5,401,1
MaxScorePlayer,0.001,12.809,6.1,45,25,5,15,194.8,376,0
MaxScorePlayer,0.006,11.901,4.1,36,23,5,16,184.3,379,1
MaxScorePlayer,0.001,13.305,4.6,95,28,5,15,137.8,426,1
MaxScorePlayer,0.003,15.362,8.4,66,23,5,16,229.1,369,1
MaxScorePlayer,0.075,19.633,9.9,94,40,6,12,180.4,480,1
MaxScorePlayer,0.001,15.06,5.2,80,35,5,13,156.1,466,1
MaxScorePlayer,0.001,15.186,9.2,74,26,4,16,239.5,425,1
MaxScorePlayer,0.001,13.779,6.6,62,20,5,17,216.7,355,1
MaxScorePlayer,0.011,15.1,6.6,50,25,5,14,172.6,358,0
MaxScorePlayer,0.198,15.286,4.8,74,21,4,17,154.6,364,1
MaxScorePlayer,1.648,15.048,7.6,62,28,5,13,194.4,370,0
MaxScorePlayer,0.026,15.02,4.0,42,24,4,16,179.2,384,0
MaxScorePlayer,0.001,10.722,4.1,40,20,4,17,150.5,355,0
MaxScorePlayer,0.003,9.345,3.9,38,20,4,18,160.0,370,0
MaxScorePlayer,0.013,15.164,5.1,42,25,5,14,132.0,356,0
MaxScorePlayer,0.004,15.314,7.3,37,21,4,17,230.6,363,0
MaxScorePlayer,0.004,15.401,5.3,37,23,5,16,160.7,375,0
MaxScorePlayer,0.003,11.814,4.1,33,17,4,17,173.1,294,0
MaxScorePlayer,0.001,8.774,2.6,48,19,5,18,99.5,349,1
