agent,min-move-time,max-move-time,avg-move-time,max-move-score,avg-move-score,avg-word-length,num-moves,game-time,score,win
MaxScorePlayer,0.002,16.081,8.4,68,27,4,16,221.4,432,1
MaxScorePlayer,0.002,15.071,5.8,45,21,4,17,163.5,358,0
MaxScorePlayer,0.024,15.23,6.7,47,24,5,15,177.2,360,0
MaxScorePlayer,0.001,12.593,4.4,60,20,5,16,170.1,334,0
MaxScorePlayer,0.002,9.734,3.9,63,25,4,14,190.9,353,0
MaxScorePlayer,0.004,15.225,4.5,42,20,5,15,187.9,305,0
MaxScorePlayer,0.004,15.344,5.5,63,23,5,15,140.6,347,0
MaxScorePlayer,0.006,15.218,4.2,33,15,4,18,154.1,275,0
MaxScorePlayer,0.001,20.177,7.5,70,33,5,14,240.8,462,1
MaxScorePlayer,0.001,10.667,4.7,86,31,5,14,178.5,434,1
MaxScorePlayer,0.001,9.757,4.3,98,28,5,16,165.9,457,1
MaxScorePlayer,0.002,20.25,8.0,73,35,5,13,226.1,455,1
MaxScorePlayer,0.016,16.039,8.0,36,19,4,19,183.8,377,1
MaxScorePlayer,0.002,15.15,4.2,70,23,4,20,193.1,474,1
MaxScorePlayer,0.002,12.688,2.9,48,18,4,18,135.4,326,0
MaxScorePlayer,0.002,16.248,7.9,36,24,5,15,182.5,364,1
MaxScorePlayer,0.002,15.056,5.1,39,21,4,15,158.3,315,0
MaxScorePlayer,1.357,15.027,6.0,76,30,6,12,131.1,370,1
MaxScorePlayer,0.001,16.932,6.0,74,26,5,13,168.5,350,1
MaxScorePlayer,0.004,15.037,4.9,33,21,5,14,145.8,298,0
MaxScorePlayer,0.001,15.155,3.9,42,21,4,19,163.4,404,1
MaxScorePlayer,0.002,7.463,3.7,33,16,4,18,214.0,304,0
MaxScorePlayer,0.001,15.468,4.5,70,27,5,16,158.1,442,1
MaxScorePlayer,0.003,16.095,4.9,68,26,5,15,176.4,395,1
MaxScorePlayer,0.001,15.208,2.0,38,15,4,16,152.6,249,0
MaxScorePlayer,0.001,15.339,9.2,45,25,5,15,220.0,379,1
MaxScorePlayer,0.015,15.4,8.8,83,35,5,12,158.7,420,1
MaxScorePlayer,0.004,15.175,6.0,26,19,4,17,185.1,332,0
MaxScorePlayer,0.001,13.221,2.6,83,23,4,17,137.5,393,1
MaxScorePlayer,0.001,15.809,8.4,40,23,5,14,201.8,334,0
MaxScorePlayer,0.006,15.497,6.0,90,33,5,15,185.4,500,1
MaxScorePlayer,0.001,15.259,5.2,43,26,5,14,150.7,374,1
MaxScorePlayer,0.001,16.305,4.8,74,32,5,14,186.8,449,1
MaxScorePlayer,0.005,15.398,7.3,64,28,5,14,193.9,392,0
MaxScorePlayer,0.013,15.052,5.1,82,29,5,12,150.2,359,0
MaxScorePlayer,0.232,15.182,9.8,33,24,5,14,226.1,342,0
MaxScorePlayer,0.002,15.248,6.0,41,22,4,15,167.4,339,0
MaxScorePlayer,0.001,15.161,3.9,92,25,5,15,122.4,382,0
MaxScorePlayer,0.001,15.009,5.5,67,23,5,16,159.9,381,1
MaxScorePlayer,0.001,15.466,6.7,39,20,4,17,185.7,349,0
MaxScorePlayer,2.528,15.05,7.0,65,28,5,12,174.1,343,0
MaxScorePlayer,0.014,15.328,6.0,74,28,5,15,206.3,431,1
MaxScorePlayer,0.001,15.361,4.7,32,18,4,17,187.9,312,0
MaxScorePlayer,0.002,15.118,5.4,80,26,4,16,158.8,416,1
MaxScorePlayer,0.001,15.258,6.9,43,20,5,16,194.5,325,0
MaxScorePlayer,0.013,15.191,5.2,44,26,5,16,188.7,425,1
MaxScorePlayer,0.001,15.253,7.1,89,27,5,15,199.4,405,0
MaxScorePlayer,0.001,18.988,7.7,76,26,4,16,227.3,423,1
MaxScorePlayer,0.012,15.138,4.3,38,21,4,18,167.4,388,0
MaxScorePlayer,0.005,15.248,7.0,77,23,5,16,198.5,375,1
MaxScorePlayer,0.001,18.788,9.7,68,26,5,14,187.2,372,0
MaxScorePlayer,1.407,15.255,4.6,62,27,5,14,163.3,378,0
MaxScorePlayer,0.004,15.042,4.8,72,28,5,15,140.0,421,0
MaxScorePlayer,0.002,15.7,4.5,72,23,4,17,179.2,401,1
MaxScorePlayer,0.001,15.078,5.4,32,20,4,15,183.6,311,0
MaxScorePlayer,0.001,15.25,7.2,38,21,5,16,226.3,350,0
MaxScorePlayer,0.004,15.036,6.4,48,28,5,12,189.2,346,0
MaxScorePlayer,0.015,15.203,7.5,39,22,5,16,172.5,354,1
MaxScorePlayer,0.001,15.403,4.5,76,24,4,15,138.5,371,0
MaxScorePlayer,0.002,15.434,6.0,82,22,5,15,170.3,340,0
MaxScorePlayer,0.001,15.065,5.6,36,23,4,14,184.0,328,0
MaxScorePlayer,0.001,15.838,8.3,32,20,5,16,188.8,325,0
MaxScorePlayer,0.004,6.597,3.4,30,18,4,17,177.5,322,0
MaxScorePlayer,0.004,15.921,6.4,66,28,5,13,196.9,365,0
MaxScorePlayer,0.001,15.157,6.4,73,24,4,17,235.5,413,1
MaxScorePlayer,0.002,15.475,8.5,36,19,5,16,217.4,315,0
MaxScorePlayer,0.004,15.265,6.4,39,23,4,16,171.1,383,1
MaxScorePlayer,0.002,15.131,3.7,34,19,4,15,137.6,294,0
MaxScorePlayer,0.001,15.204,7.3,74,23,5,16,185.8,370,1
MaxScorePlayer,0.015,15.02,8.2,70,32,6,12,170.0,395,1
MaxScorePlayer,0.004,15.325,6.9,56,25,4,15,188.3,376,0
MaxScorePlayer,2.449,6.696,4.4,83,40,6,12,160.7,480,1
MaxScorePlayer,0.001,15.174,6.8,89,39,5,13,164.6,518,1
MaxScorePlayer,0.004,15.75,6.6,51,25,5,15,192.7,376,1
MaxScorePlayer,0.001,17.577,6.6,62,28,4,15,222.2,434,1
MaxScorePlayer,0.004,15.218,3.0,39,19,4,17,124.9,338,0
MaxScorePlayer,0.007,15.163,7.8,42,24,5,13,178.6,321,0
MaxScorePlayer,0.001,15.383,4.3,36,20,4,17,174.6,353,0
MaxScorePlayer,0.002,15.294,5.8,100,31,5,12,137.4,381,0
MaxScorePlayer,0.025,15.584,5.4,69,25,5,15,184.8,389,1
MaxScorePlayer,0.278,16.189,6.2,48,23,5,14,198.9,332,0
MaxScorePlayer,0.013,15.025,7.4,63,29,5,13,183.4,389,1
MaxScorePlayer,0.03,15.138,5.7,36,19,4,16,169.8,305,1
MaxScorePlayer,0.001,15.271,6.3,57,28,5,15,180.0,426,1
MaxScorePlayer,0.004,13.79,4.2,42,17,4,17,196.6,302,0
MaxScorePlayer,0.021,15.083,7.4,89,31,5,14,170.0,447,1
MaxScorePlayer,0.001,15.604,6.4,41,24,4,15,178.0,373,1
MaxScorePlayer,0.003,15.136,4.9,34,19,5,16,163.7,307,0
MaxScorePlayer,0.007,11.385,4.2,39,26,5,13,129.7,339,0
MaxScorePlayer,0.001,15.276,8.2,46,26,5,14,145.1,372,1
MaxScorePlayer,0.001,15.337,5.8,39,23,4,15,205.2,358,1
MaxScorePlayer,0.001,15.833,8.4,71,26,5,16,218.9,420,1
MaxScorePlayer,0.002,15.13,6.1,46,21,4,16,170.6,341,0
MaxScorePlayer,0.003,15.01,4.4,46,20,4,17,137.0,340,0
MaxScorePlayer,0.001,15.412,3.8,37,20,4,18,140.1,371,0
MaxScorePlayer,0.001,15.078,4.3,33,19,4,16,128.7,310,0
MaxScorePlayer,0.003,10.432,3.5,45,22,4,16,140.4,362,0
MaxScorePlayer,0.002,15.074,7.1,53,29,5,16,148.3,475,1
MaxScorePlayer,0.002,15.118,4.0,74,25,4,15,146.3,381,0
MaxScorePlayer,0.001,15.195,4.8,42,27,5,13,134.1,357,0
